     1000.00      2496.04
      2000.00      360.904
      3000.00      112.809
      4000.00      48.0133
      5000.00      24.5852
      6000.00      14.1906
      7000.00      8.92881
      8000.00      5.98473
      9000.00      4.22453
      10000.0      3.10510
      11000.0      2.36549
      12000.0      1.85338
      13000.0      1.48996
      14000.0      1.22667
      15000.0      1.02852
      16000.0     0.879378
      17000.0     0.763021
      18000.0     0.671694
      19000.0     0.598616
      20000.0     0.539424
      21000.0     0.491439
      22000.0     0.451885
      23000.0     0.418635
      24000.0     0.391011
      25000.0     0.367588
      26000.0     0.347598
      27000.0     0.330308
      28000.0     0.315360
      29000.0     0.302429
      30000.0     0.291030
      31000.0     0.281060
      32000.0     0.272246
      33000.0     0.264426
      34000.0     0.257409
      35000.0     0.251139
      36000.0     0.245443
      37000.0     0.240347
      38000.0     0.235677
      39000.0     0.231483
      40000.0     0.227573
      41000.0     0.224047
      42000.0     0.220769
      43000.0     0.217761
      44000.0     0.214963
      45000.0     0.212359
      46000.0     0.209925
      47000.0     0.207667
      48000.0     0.205547
      49000.0     0.203575
      50000.0     0.201690
      51000.0     0.199910
      52000.0     0.198258
      53000.0     0.196689
      54000.0     0.195180
      55000.0     0.193741
      56000.0     0.192383
      57000.0     0.191089
      58000.0     0.189849
      59000.0     0.188650
      60000.0     0.187513
      61000.0     0.186412
      62000.0     0.185362
      63000.0     0.184345
      64000.0     0.183349
      65000.0     0.182403
      66000.0     0.181487
      67000.0     0.180601
      68000.0     0.179750
      69000.0     0.178921
      70000.0     0.178105
      71000.0     0.177307
      72000.0     0.176531
      73000.0     0.175793
      74000.0     0.175066
      75000.0     0.174348
      76000.0     0.173653
      77000.0     0.172974
      78000.0     0.172308
      79000.0     0.171667
      80000.0     0.171021
      81000.0     0.170416
      82000.0     0.169794
      83000.0     0.169188
      84000.0     0.168599
      85000.0     0.168027
      86000.0     0.167463
      87000.0     0.166919
      88000.0     0.166373
      89000.0     0.165826
      90000.0     0.165293
      91000.0     0.164766
      92000.0     0.164264
      93000.0     0.163761
      94000.0     0.163255
      95000.0     0.162761
      96000.0     0.162279
      97000.0     0.161805
      98000.0     0.161335
      99000.0     0.160871
      100000.     0.160409
      101000.     0.159939
      102000.     0.159477
      103000.     0.159039
      104000.     0.158603
      105000.     0.158187
      106000.     0.157773
      107000.     0.157343
      108000.     0.156910
      109000.     0.156508
      110000.     0.156115
      111000.     0.155710
      112000.     0.155297
      113000.     0.154895
      114000.     0.154501
      115000.     0.154113
      116000.     0.153737
      117000.     0.153361
      118000.     0.152972
      119000.     0.152584
      120000.     0.152221
      121000.     0.151865
      122000.     0.151512
      123000.     0.151165
      124000.     0.150819
      125000.     0.150460
      126000.     0.150101
      127000.     0.149747
      128000.     0.149395
      129000.     0.149047
      130000.     0.148717
      131000.     0.148386
      132000.     0.148049
      133000.     0.147709
      134000.     0.147373
      135000.     0.147068
      136000.     0.146764
      137000.     0.146451
      138000.     0.146124
      139000.     0.145797
      140000.     0.145480
      141000.     0.145165
      142000.     0.144851
      143000.     0.144546
      144000.     0.144240
      145000.     0.143935
      146000.     0.143631
      147000.     0.143328
      148000.     0.143034
      149000.     0.142748
      150000.     0.142463
