      1000.00      3199.95
      2000.00      6110.63
      3000.00      2127.87
      4000.00      973.241
      5000.00      522.176
      6000.00      311.317
      7000.00      200.104
      8000.00      135.892
      9000.00      96.4365
      10000.0      70.7483
      11000.0      53.5514
      12000.0      41.4275
      13000.0      32.7130
      14000.0      26.3258
      15000.0      21.4776
      16000.0      17.7921
      17000.0      14.8984
      18000.0      12.6143
      19000.0      10.7847
      20000.0      9.29250
      21000.0      8.08445
      22000.0      7.08430
      23000.0      6.24196
      24000.0      5.54861
      25000.0      4.95943
      26000.0      4.45467
      27000.0      4.02317
      28000.0      3.65021
      29000.0      3.32717
      30000.0      3.04628
      31000.0      2.80139
      32000.0      2.58641
      33000.0      2.39644
      34000.0      2.22822
      35000.0      2.07889
      36000.0      1.94458
      37000.0      1.82592
      38000.0      1.71806
      39000.0      1.62249
      40000.0      1.53489
      41000.0      1.45659
      42000.0      1.38491
      43000.0      1.31996
      44000.0      1.26043
      45000.0      1.20611
      46000.0      1.15629
      47000.0      1.11021
      48000.0      1.06807
      49000.0      1.02979
      50000.0     0.993731
      51000.0     0.961104
      52000.0     0.930580
      53000.0     0.901755
      54000.0     0.875805
      55000.0     0.851190
      56000.0     0.828098
      57000.0     0.806681
      58000.0     0.786583
      59000.0     0.767730
      60000.0     0.750270
      61000.0     0.733503
      62000.0     0.718046
      63000.0     0.703647
      64000.0     0.689929
      65000.0     0.676793
      66000.0     0.664499
      67000.0     0.652948
      68000.0     0.641907
      69000.0     0.631480
      70000.0     0.621455
      71000.0     0.611890
      72000.0     0.602894
      73000.0     0.594474
      74000.0     0.586384
      75000.0     0.578596
      76000.0     0.571249
      77000.0     0.564223
      78000.0     0.557442
      79000.0     0.551019
      80000.0     0.544774
      81000.0     0.538831
      82000.0     0.533259
      83000.0     0.527823
      84000.0     0.522545
      85000.0     0.517563
      86000.0     0.512687
      87000.0     0.508032
      88000.0     0.503528
      89000.0     0.499158
      90000.0     0.495040
      91000.0     0.490991
      92000.0     0.487131
      93000.0     0.483338
      94000.0     0.479709
      95000.0     0.476196
      96000.0     0.472808
      97000.0     0.469515
      98000.0     0.466278
      99000.0     0.463170
      100000.     0.460105
      101000.     0.457263
      102000.     0.454314
      103000.     0.451578
      104000.     0.448866
      105000.     0.446348
      106000.     0.443851
      107000.     0.441327
      108000.     0.438796
      109000.     0.436515
      110000.     0.434296
      111000.     0.432066
      112000.     0.429827
      113000.     0.427667
      114000.     0.425586
      115000.     0.423547
      116000.     0.421608
      117000.     0.419669
      118000.     0.417724
      119000.     0.415779
      120000.     0.414004
      121000.     0.412272
      122000.     0.410549
      123000.     0.408842
      124000.     0.407134
      125000.     0.405502
      126000.     0.403870
      127000.     0.402253
      128000.     0.400646
      129000.     0.399073
      130000.     0.397636
      131000.     0.396199
      132000.     0.394742
      133000.     0.393271
      134000.     0.391816
      135000.     0.390500
      136000.     0.389183
      137000.     0.387855
      138000.     0.386511
      139000.     0.385166
      140000.     0.383897
      141000.     0.382648
      142000.     0.381402
      143000.     0.380197
      144000.     0.378992
      145000.     0.377799
      146000.     0.376637
      147000.     0.375475
      148000.     0.374351
      149000.     0.373267
      150000.     0.372182
