      1000.00      89811.2
      2000.00      21939.4
      3000.00      39553.5
      4000.00      22075.1
      5000.00      12852.1
      6000.00      8208.11
      7000.00      5581.17
      8000.00      3998.43
      9000.00      2972.19
      10000.0      2280.09
      11000.0      1793.50
      12000.0      3548.26
      13000.0      2864.28
      14000.0      3254.50
      15000.0      3159.91
      16000.0      2683.70
      17000.0      2299.66
      18000.0      1989.05
      19000.0      1733.56
      20000.0      1521.24
      21000.0      1339.60
      22000.0      1186.92
      23000.0      1056.29
      24000.0      946.486
      25000.0      851.790
      26000.0      769.414
      27000.0      697.641
      28000.0      635.032
      29000.0      579.818
      30000.0      531.137
      31000.0      487.404
      32000.0      448.565
      33000.0      413.890
      34000.0      382.753
      35000.0      354.926
      36000.0      329.568
      37000.0      307.012
      38000.0      286.292
      39000.0      267.706
      40000.0      250.551
      41000.0      234.954
      42000.0      220.556
      43000.0      207.440
      44000.0      195.352
      45000.0      184.211
      46000.0      173.948
      47000.0      164.464
      48000.0      155.701
      49000.0      147.587
      50000.0      140.087
      51000.0      133.033
      52000.0      126.533
      53000.0      120.400
      54000.0      114.704
      55000.0      109.378
      56000.0      104.360
      57000.0      99.7343
      58000.0      95.4218
      59000.0      91.3268
      60000.0      87.3918
      61000.0      83.8103
      62000.0      80.3727
      63000.0      77.1200
      64000.0      74.0976
      65000.0      71.1937
      66000.0      68.4602
      67000.0      65.8911
      68000.0      63.4586
      69000.0      61.1503
      70000.0      58.9638
      71000.0      56.8817
      72000.0      54.8933
      73000.0      53.0377
      74000.0      51.2569
      75000.0      49.5448
      76000.0      47.9362
      77000.0      46.4006
      78000.0      44.9213
      79000.0      43.5276
      80000.0      42.1735
      81000.0      170.334
      82000.0      165.139
      83000.0      160.091
      84000.0      155.216
      85000.0      150.654
      86000.0      146.202
      87000.0      141.961
      88000.0      137.865
      89000.0      133.897
      90000.0      130.196
      91000.0      126.568
      92000.0      123.121
      93000.0      119.746
      94000.0      116.551
      95000.0      113.466
      96000.0      110.500
      97000.0      107.642
      98000.0      104.849
      99000.0      102.178
      100000.      99.5476
      101000.      97.1220
      102000.      94.6064
      103000.      92.3368
      104000.      90.0944
      105000.      88.0241
      106000.      85.9728
      107000.      83.9103
      108000.      81.8450
      109000.      80.0158
      110000.      78.2455
      111000.      76.4921
      112000.      74.7499
      113000.      73.0742
      114000.      71.4649
      115000.      69.8996
      116000.      68.4372
      117000.      66.9748
      118000.      65.5264
      119000.      64.0780
      120000.      62.7655
      121000.      61.4870
      122000.      60.2420
      123000.      59.0470
      124000.      57.8521
      125000.      56.7063
      126000.      55.5606
      127000.      54.4473
      128000.      53.3556
      129000.      52.2908
      130000.      51.3330
      131000.      50.3753
      132000.      49.4242
      133000.      48.4777
      134000.      47.5422
      135000.      46.7051
      136000.      45.8681
      137000.      45.0363
      138000.      44.2125
      139000.      43.3886
      140000.      42.6189
      141000.      41.8627
      142000.      41.1128
      143000.      40.4195
      144000.      39.7261
      145000.      39.0422
      146000.      38.3805
      147000.      37.7188
      148000.      37.0881
      149000.      36.4886
      150000.      35.8891
