     1000.00      4032.85
      2000.00      608.100
      3000.00      197.403
      4000.00      86.7901
      5000.00      44.8715
      6000.00      26.0567
      7000.00      16.4470
      8000.00      11.3161
      9000.00      7.98583
      10000.0      5.85266
      11000.0      4.43412
      12000.0      3.44759
      13000.0      2.74500
      14000.0      2.23405
      15000.0      1.84897
      16000.0      1.55832
      17000.0      1.33101
      18000.0      1.15223
      19000.0      1.00944
      20000.0     0.893550
      21000.0     0.799518
      22000.0     0.722034
      23000.0     0.656950
      24000.0     0.602907
      25000.0     0.557111
      26000.0     0.518179
      27000.0     0.484441
      28000.0     0.455366
      29000.0     0.430388
      30000.0     0.408286
      31000.0     0.389071
      32000.0     0.372139
      33000.0     0.357154
      34000.0     0.343775
      35000.0     0.331884
      36000.0     0.321107
      37000.0     0.311550
      38000.0     0.302803
      39000.0     0.295007
      40000.0     0.287782
      41000.0     0.281311
      42000.0     0.275318
      43000.0     0.269842
      44000.0     0.264800
      45000.0     0.260136
      46000.0     0.255825
      47000.0     0.251832
      48000.0     0.248113
      49000.0     0.244694
      50000.0     0.241466
      51000.0     0.238425
      52000.0     0.235610
      53000.0     0.232962
      54000.0     0.230456
      55000.0     0.228074
      56000.0     0.225839
      57000.0     0.223754
      58000.0     0.221748
      59000.0     0.219843
      60000.0     0.218013
      61000.0     0.216304
      62000.0     0.214655
      63000.0     0.213083
      64000.0     0.211561
      65000.0     0.210114
      66000.0     0.208730
      67000.0     0.207402
      68000.0     0.206120
      69000.0     0.204886
      70000.0     0.203683
      71000.0     0.202519
      72000.0     0.201406
      73000.0     0.200341
      74000.0     0.199293
      75000.0     0.198264
      76000.0     0.197288
      77000.0     0.196344
      78000.0     0.195421
      79000.0     0.194516
      80000.0     0.193624
      81000.0     0.192773
      82000.0     0.191944
      83000.0     0.191132
      84000.0     0.190340
      85000.0     0.189581
      86000.0     0.188831
      87000.0     0.188094
      88000.0     0.187366
      89000.0     0.186645
      90000.0     0.185953
      91000.0     0.185270
      92000.0     0.184614
      93000.0     0.183963
      94000.0     0.183321
      95000.0     0.182687
      96000.0     0.182060
      97000.0     0.181450
      98000.0     0.180851
      99000.0     0.180269
      100000.     0.179693
      101000.     0.179111
      102000.     0.178533
      103000.     0.177986
      104000.     0.177441
      105000.     0.176922
      106000.     0.176405
      107000.     0.175878
      108000.     0.175348
      109000.     0.174858
      110000.     0.174377
      111000.     0.173883
      112000.     0.173380
      113000.     0.172890
      114000.     0.172411
      115000.     0.171938
      116000.     0.171481
      117000.     0.171023
      118000.     0.170560
      119000.     0.170097
      120000.     0.169665
      121000.     0.169240
      122000.     0.168816
      123000.     0.168392
      124000.     0.167968
      125000.     0.167542
      126000.     0.167115
      127000.     0.166699
      128000.     0.166289
      129000.     0.165883
      130000.     0.165491
      131000.     0.165099
      132000.     0.164705
      133000.     0.164310
      134000.     0.163918
      135000.     0.163554
      136000.     0.163190
      137000.     0.162820
      138000.     0.162441
      139000.     0.162061
      140000.     0.161694
      141000.     0.161329
      142000.     0.160965
      143000.     0.160611
      144000.     0.160258
      145000.     0.159905
      146000.     0.159553
      147000.     0.159202
      148000.     0.158857
      149000.     0.158517
      150000.     0.158178