     1000.00      7256.46
      2000.00      1126.67
      3000.00      567.858
      4000.00      255.572
      5000.00      368.015
      6000.00      224.901
      7000.00      147.700
      8000.00      102.204
      9000.00      73.6446
      10000.0      54.7489
      11000.0      41.8741
      12000.0      32.7015
      13000.0      26.0406
      14000.0      21.1113
      15000.0      17.3426
      16000.0      14.4501
      17000.0      12.1650
      18000.0      10.3468
      19000.0      8.88361
      20000.0      7.68187
      21000.0      6.70280
      22000.0      5.88980
      23000.0      5.20357
      24000.0      4.63230
      25000.0      4.14608
      26000.0      3.72941
      27000.0      3.37059
      28000.0      3.06025
      29000.0      2.79062
      30000.0      2.55560
      31000.0      2.34995
      32000.0      2.16911
      33000.0      2.00923
      34000.0      1.86682
      35000.0      1.74037
      36000.0      1.62679
      37000.0      1.52586
      38000.0      1.43428
      39000.0      1.35289
      40000.0      1.27778
      41000.0      1.21126
      42000.0      1.14952
      43000.0      1.09403
      44000.0      1.04326
      45000.0     0.996590
      46000.0     0.953867
      47000.0     0.914508
      48000.0     0.878367
      49000.0     0.845301
      50000.0     0.814501
      51000.0     0.786111
      52000.0     0.759876
      53000.0     0.735337
      54000.0     0.712668
      55000.0     0.691371
      56000.0     0.671524
      57000.0     0.653173
      58000.0     0.635973
      59000.0     0.619861
      60000.0     0.604447
      61000.0     0.590391
      62000.0     0.576933
      63000.0     0.564281
      64000.0     0.552434
      65000.0     0.541199
      66000.0     0.530586
      67000.0     0.520563
      68000.0     0.511074
      69000.0     0.502196
      70000.0     0.493640
      71000.0     0.485460
      72000.0     0.477757
      73000.0     0.470503
      74000.0     0.463542
      75000.0     0.456853
      76000.0     0.450543
      77000.0     0.444544
      78000.0     0.438776
      79000.0     0.433297
      80000.0     0.427945
      81000.0     0.422872
      82000.0     0.418108
      83000.0     0.413470
      84000.0     0.408980
      85000.0     0.404754
      86000.0     0.400622
      87000.0     0.396683
      88000.0     0.392861
      89000.0     0.389143
      90000.0     0.385650
      91000.0     0.382220
      92000.0     0.378975
      93000.0     0.375780
      94000.0     0.372708
      95000.0     0.369727
      96000.0     0.366842
      97000.0     0.364089
      98000.0     0.361413
      99000.0     0.358818
      100000.     0.356249
      101000.     0.353828
      102000.     0.351362
      103000.     0.349078
      104000.     0.346814
      105000.     0.344714
      106000.     0.342633
      107000.     0.340542
      108000.     0.338448
      109000.     0.336560
      110000.     0.334724
      111000.     0.332880
      112000.     0.331030
      113000.     0.329240
      114000.     0.327509
      115000.     0.325821
      116000.     0.324232
      117000.     0.322644
      118000.     0.321064
      119000.     0.319483
      120000.     0.318014
      121000.     0.316572
      122000.     0.315157
      123000.     0.313780
      124000.     0.312404
      125000.     0.311079
      126000.     0.309754
      127000.     0.308442
      128000.     0.307140
      129000.     0.305861
      130000.     0.304675
      131000.     0.303490
      132000.     0.302317
      133000.     0.301153
      134000.     0.299998
      135000.     0.298929
      136000.     0.297860
      137000.     0.296794
      138000.     0.295732
      139000.     0.294671
      140000.     0.293644
      141000.     0.292627
      142000.     0.291615
      143000.     0.290658
      144000.     0.289701
      145000.     0.288753
      146000.     0.287824
      147000.     0.286894
      148000.     0.285991
      149000.     0.285114
      150000.     0.284237
