     1000.00      3843.33
      2000.00      579.854
      3000.00      191.517
      4000.00      85.1939
      5000.00      44.1301
      6000.00      25.6648
      7000.00      16.2193
      8000.00      10.8908
      9000.00      7.68198
      10000.0      5.62872
      11000.0      4.26388
      12000.0      3.31502
      13000.0      2.63950
      14000.0      2.14844
      15000.0      1.77848
      16000.0      1.49936
      17000.0      1.28115
      18000.0      1.10959
      19000.0     0.972600
      20000.0     0.861435
      21000.0     0.771272
      22000.0     0.696984
      23000.0     0.634604
      24000.0     0.582818
      25000.0     0.538935
      26000.0     0.501633
      27000.0     0.469315
      28000.0     0.441470
      29000.0     0.417545
      30000.0     0.396383
      31000.0     0.377983
      32000.0     0.361771
      33000.0     0.347422
      34000.0     0.334611
      35000.0     0.323224
      36000.0     0.312905
      37000.0     0.303752
      38000.0     0.295375
      39000.0     0.287907
      40000.0     0.280985
      41000.0     0.274785
      42000.0     0.269042
      43000.0     0.263794
      44000.0     0.258961
      45000.0     0.254489
      46000.0     0.250354
      47000.0     0.246524
      48000.0     0.242956
      49000.0     0.239674
      50000.0     0.236573
      51000.0     0.233652
      52000.0     0.230948
      53000.0     0.228404
      54000.0     0.225993
      55000.0     0.223703
      56000.0     0.221552
      57000.0     0.219545
      58000.0     0.217614
      59000.0     0.215778
      60000.0     0.214016
      61000.0     0.212368
      62000.0     0.210778
      63000.0     0.209261
      64000.0     0.207792
      65000.0     0.206395
      66000.0     0.205059
      67000.0     0.203775
      68000.0     0.202537
      69000.0     0.201344
      70000.0     0.200181
      71000.0     0.199055
      72000.0     0.197977
      73000.0     0.196946
      74000.0     0.195931
      75000.0     0.194934
      76000.0     0.193988
      77000.0     0.193073
      78000.0     0.192177
      79000.0     0.191300
      80000.0     0.190434
      81000.0     0.189609
      82000.0     0.188803
      83000.0     0.188014
      84000.0     0.187243
      85000.0     0.186505
      86000.0     0.185776
      87000.0     0.185060
      88000.0     0.184351
      89000.0     0.183649
      90000.0     0.182976
      91000.0     0.182310
      92000.0     0.181672
      93000.0     0.181038
      94000.0     0.180411
      95000.0     0.179793
      96000.0     0.179182
      97000.0     0.178588
      98000.0     0.178004
      99000.0     0.177436
      100000.     0.176873
      101000.     0.176304
      102000.     0.175740
      103000.     0.175206
      104000.     0.174674
      105000.     0.174167
      106000.     0.173662
      107000.     0.173147
      108000.     0.172629
      109000.     0.172149
      110000.     0.171678
      111000.     0.171195
      112000.     0.170704
      113000.     0.170223
      114000.     0.169755
      115000.     0.169293
      116000.     0.168845
      117000.     0.168398
      118000.     0.167944
      119000.     0.167490
      120000.     0.167066
      121000.     0.166651
      122000.     0.166235
      123000.     0.165820
      124000.     0.165406
      125000.     0.164988
      126000.     0.164571
      127000.     0.164162
      128000.     0.163760
      129000.     0.163361
      130000.     0.162977
      131000.     0.162593
      132000.     0.162206
      133000.     0.161818
      134000.     0.161434
      135000.     0.161077
      136000.     0.160721
      137000.     0.160358
      138000.     0.159986
      139000.     0.159614
      140000.     0.159253
      141000.     0.158894
      142000.     0.158537
      143000.     0.158190
      144000.     0.157843
      145000.     0.157496
      146000.     0.157151
      147000.     0.156807
      148000.     0.156468
      149000.     0.156135
      150000.     0.155802