1000	4995.98
2000	683.731
3000	204.077
4000	85.3928
5000	43.2063
6000	24.7363
7000	15.4808
8000	10.3421
9000	7.29153
10000	5.36311
11000	4.09746
12000	3.22414
13000	2.60625
14000	2.16008
15000	1.82434
16000	1.57224
17000	1.37596
18000	1.2222
19000	1.09865
20000	0.998855
21000	0.918013
22000	0.851322
23000	0.795194
24000	0.748544
25000	0.708986
26000	0.675015
27000	0.645798
28000	0.620446
29000	0.598279
30000	0.578917
31000	0.561874
32000	0.546747
33000	0.533337
34000	0.52124
35000	0.510379
36000	0.500523
37000	0.491618
38000	0.483484
39000	0.476124
40000	0.46923
41000	0.462996
42000	0.457187
43000	0.451852
44000	0.44686
45000	0.442193
46000	0.437785
47000	0.433705
48000	0.429874
49000	0.426271
50000	0.422771
51000	0.41951
52000	0.416471
53000	0.413565
54000	0.410744
55000	0.408052
56000	0.405511
57000	0.403036
58000	0.40069
59000	0.398394
60000	0.396256
61000	0.394102
62000	0.392099
63000	0.390134
64000	0.3882
65000	0.386366
66000	0.384578
67000	0.382845
68000	0.381202
69000	0.379583
70000	0.37798
71000	0.376396
72000	0.374836
73000	0.373381
74000	0.37195
75000	0.370535
76000	0.369138
77000	0.367765
78000	0.366416
79000	0.365149
80000	0.363848
81000	0.362651
82000	0.361368
83000	0.360125
84000	0.358929
85000	0.357757
86000	0.356606
87000	0.35552
88000	0.354413
89000	0.353286
90000	0.352181
91000	0.351086
92000	0.350068
93000	0.349036
94000	0.347971
95000	0.346948
96000	0.345968
97000	0.344997
98000	0.344033
99000	0.343064
100000	0.342092
101000	0.341102
102000	0.340148
103000	0.339237
104000	0.33833
105000	0.337463
106000	0.336599
107000	0.335701
108000	0.334795
109000	0.333954
110000	0.33313
111000	0.332283
112000	0.331419
113000	0.330576
114000	0.329751
115000	0.328938
116000	0.32815
117000	0.327362
118000	0.326538
119000	0.325713
120000	0.324944
121000	0.324189
122000	0.323452
123000	0.322744
124000	0.322036
125000	0.32128
126000	0.320525
127000	0.31977
128000	0.319014
129000	0.31827
130000	0.317573
131000	0.316876
132000	0.316162
133000	0.315437
134000	0.314721
135000	0.314091
136000	0.313462
137000	0.312805
138000	0.312108
139000	0.311411
140000	0.310734
141000	0.310062
142000	0.309393
143000	0.308746
144000	0.308098
145000	0.307451
146000	0.306803
147000	0.306156
148000	0.305537
149000	0.304948
150000	0.304359
