      1000.00      7541.43
      2000.00      1239.75
      3000.00      414.802
      4000.00      188.838
      5000.00      933.944
      6000.00      578.300
      7000.00      383.665
      8000.00      267.606
      9000.00      193.937
      10000.0      144.773
      11000.0      111.075
      12000.0      86.9294
      13000.0      69.3159
      14000.0      56.2256
      15000.0      46.1848
      16000.0      38.4472
      17000.0      32.3193
      18000.0      27.4294
      19000.0      23.4887
      20000.0      20.2417
      21000.0      17.5938
      22000.0      15.3916
      23000.0      13.5294
      24000.0      11.9782
      25000.0      10.6567
      26000.0      9.52227
      27000.0      8.54529
      28000.0      7.70019
      29000.0      6.96391
      30000.0      6.32334
      31000.0      5.76220
      32000.0      5.26874
      33000.0      4.83239
      34000.0      4.44359
      35000.0      4.09829
      36000.0      3.78859
      37000.0      3.51304
      38000.0      3.26337
      39000.0      3.04163
      40000.0      2.83677
      41000.0      2.65593
      42000.0      2.48758
      43000.0      2.33690
      44000.0      2.19905
      45000.0      2.07249
      46000.0      1.95670
      47000.0      1.85011
      48000.0      1.75240
      49000.0      1.66316
      50000.0      1.58025
      51000.0      1.50393
      52000.0      1.43351
      53000.0      1.36761
      54000.0      1.30705
      55000.0      1.25021
      56000.0      1.19731
      57000.0      1.14849
      58000.0      1.10290
      59000.0      1.06036
      60000.0      1.01965
      61000.0     0.982671
      62000.0     0.947312
      63000.0     0.914159
      64000.0     0.883294
      65000.0     0.854077
      66000.0     0.826539
      67000.0     0.800583
      68000.0     0.776048
      69000.0     0.753265
      70000.0     0.731406
      71000.0     0.710576
      72000.0     0.690999
      73000.0     0.672577
      74000.0     0.655029
      75000.0     0.638290
      76000.0     0.622498
      77000.0     0.607544
      78000.0     0.593218
      79000.0     0.579734
      80000.0     0.566655
      81000.0     0.554198
      82000.0     0.542626
      83000.0     0.531387
      84000.0     0.520537
      85000.0     0.510391
      86000.0     0.500505
      87000.0     0.491161
      88000.0     0.482149
      89000.0     0.473432
      90000.0     0.465315
      91000.0     0.457358
      92000.0     0.449769
      93000.0     0.442365
      94000.0     0.435417
      95000.0     0.428661
      96000.0     0.422115
      97000.0     0.415946
      98000.0     0.410000
      99000.0     0.404221
      100000.     0.398498
      101000.     0.393252
      102000.     0.387858
      103000.     0.382917
      104000.     0.378026
      105000.     0.373544
      106000.     0.369108
      107000.     0.364681
      108000.     0.360256
      109000.     0.356322
      110000.     0.352511
      111000.     0.348724
      112000.     0.344953
      113000.     0.341321
      114000.     0.337827
      115000.     0.334440
      116000.     0.331301
      117000.     0.328161
      118000.     0.325091
      119000.     0.322021
      120000.     0.319156
      121000.     0.316342
      122000.     0.313605
      123000.     0.310985
      124000.     0.308365
      125000.     0.305939
      126000.     0.303512
      127000.     0.301086
      128000.     0.298660
      129000.     0.296289
      130000.     0.294140
      131000.     0.291990
      132000.     0.289900
      133000.     0.287850
      134000.     0.285816
      135000.     0.283918
      136000.     0.282021
      137000.     0.280165
      138000.     0.278374
      139000.     0.276582
      140000.     0.274844
      141000.     0.273119
      142000.     0.271408
      143000.     0.269827
      144000.     0.268247
      145000.     0.266692
      146000.     0.265194
      147000.     0.263697
      148000.     0.262250
      149000.     0.260852
      150000.     0.259455