      1000.00      8965.73
      2000.00      1386.73
      3000.00      443.313
      4000.00      194.500
      5000.00      458.010
      6000.00      281.155
      7000.00      185.341
      8000.00      128.654
      9000.00      92.9214
      10000.0      69.2025
      11000.0      53.0075
      12000.0      41.4456
      13000.0      33.0356
      14000.0      26.8012
      15000.0      22.0289
      16000.0      18.3598
      17000.0      15.4582
      18000.0      13.1465
      19000.0      11.2853
      20000.0      9.75418
      21000.0      8.50633
      22000.0      7.46955
      23000.0      6.59343
      24000.0      5.86395
      25000.0      5.24277
      26000.0      4.71011
      27000.0      4.25110
      28000.0      3.85422
      29000.0      3.50891
      30000.0      3.20802
      31000.0      2.94464
      32000.0      2.71298
      33000.0      2.50815
      34000.0      2.32558
      35000.0      2.16343
      36000.0      2.01788
      37000.0      1.88841
      38000.0      1.77100
      39000.0      1.66668
      40000.0      1.57027
      41000.0      1.48506
      42000.0      1.40577
      43000.0      1.33466
      44000.0      1.26957
      45000.0      1.20977
      46000.0      1.15499
      47000.0      1.10454
      48000.0      1.05822
      49000.0      1.01590
      50000.0     0.976485
      51000.0     0.940132
      52000.0     0.906579
      53000.0     0.875165
      54000.0     0.846197
      55000.0     0.818976
      56000.0     0.793621
      57000.0     0.770186
      58000.0     0.748226
      59000.0     0.727695
      60000.0     0.708045
      61000.0     0.690124
      62000.0     0.672980
      63000.0     0.656870
      64000.0     0.641798
      65000.0     0.627522
      66000.0     0.614044
      67000.0     0.601311
      68000.0     0.589245
      69000.0     0.577981
      70000.0     0.567148
      71000.0     0.556800
      72000.0     0.547050
      73000.0     0.537861
      74000.0     0.529065
      75000.0     0.520635
      76000.0     0.512675
      77000.0     0.505111
      78000.0     0.497841
      79000.0     0.490956
      80000.0     0.484256
      81000.0     0.477877
      82000.0     0.471897
      83000.0     0.466082
      84000.0     0.460462
      85000.0     0.455182
      86000.0     0.450026
      87000.0     0.445120
      88000.0     0.440362
      89000.0     0.435734
      90000.0     0.431399
      91000.0     0.427143
      92000.0     0.423089
      93000.0     0.419115
      94000.0     0.415338
      95000.0     0.411656
      96000.0     0.408079
      97000.0     0.404685
      98000.0     0.401398
      99000.0     0.398202
      100000.     0.395035
      101000.     0.392060
      102000.     0.389038
      103000.     0.386243
      104000.     0.383472
      105000.     0.380905
      106000.     0.378361
      107000.     0.375812
      108000.     0.373260
      109000.     0.370967
      110000.     0.368738
      111000.     0.366502
      112000.     0.364262
      113000.     0.362096
      114000.     0.360003
      115000.     0.357963
      116000.     0.356048
      117000.     0.354132
      118000.     0.352239
      119000.     0.350345
      120000.     0.348578
      121000.     0.346842
      122000.     0.345142
      123000.     0.343498
      124000.     0.341853
      125000.     0.340284
      126000.     0.338714
      127000.     0.337154
      128000.     0.335601
      129000.     0.334076
      130000.     0.332666
      131000.     0.331255
      132000.     0.329868
      133000.     0.328497
      134000.     0.327136
      135000.     0.325874
      136000.     0.324611
      137000.     0.323357
      138000.     0.322115
      139000.     0.320873
      140000.     0.319668
      141000.     0.318472
      142000.     0.317284
      143000.     0.316166
      144000.     0.315048
      145000.     0.313941
      146000.     0.312859
      147000.     0.311777
      148000.     0.310726
      149000.     0.309705
      150000.     0.308685