      1000.00      7667.06
      2000.00      1241.87
      3000.00      2230.70
      4000.00      1061.26
      5000.00      1003.76
      6000.00      617.028
      7000.00      406.455
      8000.00      281.717
      9000.00      203.218
      10000.0      151.171
      11000.0      115.621
      12000.0      90.2492
      13000.0      71.7764
      14000.0      58.1157
      15000.0      47.6333
      16000.0      39.6051
      17000.0      33.2479
      18000.0      28.1910
      19000.0      24.1147
      20000.0      20.7718
      21000.0      18.0460
      22000.0      15.7828
      23000.0      13.8708
      24000.0      12.2804
      25000.0      10.9279
      26000.0      9.76575
      27000.0      8.76721
      28000.0      7.90408
      29000.0      7.15279
      30000.0      6.49927
      31000.0      5.92809
      32000.0      5.42503
      33000.0      4.98080
      34000.0      4.58632
      35000.0      4.23550
      36000.0      3.92014
      37000.0      3.64081
      38000.0      3.38702
      39000.0      3.16204
      40000.0      2.95483
      41000.0      2.77095
      42000.0      2.60089
      43000.0      2.44820
      44000.0      2.30854
      45000.0      2.18044
      46000.0      2.06322
      47000.0      1.95527
      48000.0      1.85636
      49000.0      1.76598
      50000.0      1.68216
      51000.0      1.60477
      52000.0      1.53343
      53000.0      1.46683
      54000.0      1.40547
      55000.0      1.34776
      56000.0      1.29423
      57000.0      1.24489
      58000.0      1.19871
      59000.0      1.15550
      60000.0      1.11436
      61000.0      1.07683
      62000.0      1.04106
      63000.0      1.00738
      64000.0     0.976170
      65000.0     0.946464
      66000.0     0.918575
      67000.0     0.892338
      68000.0     0.867402
      69000.0     0.844227
      70000.0     0.821981
      71000.0     0.800770
      72000.0     0.780819
      73000.0     0.762109
      74000.0     0.744326
      75000.0     0.727389
      76000.0     0.711328
      77000.0     0.696015
      78000.0     0.681285
      79000.0     0.667469
      80000.0     0.654127
      81000.0     0.641520
      82000.0     0.629707
      83000.0     0.618161
      84000.0     0.606930
      85000.0     0.596531
      86000.0     0.586415
      87000.0     0.576845
      88000.0     0.567573
      89000.0     0.558568
      90000.0     0.550169
      91000.0     0.541939
      92000.0     0.534206
      93000.0     0.526621
      94000.0     0.519402
      95000.0     0.512440
      96000.0     0.505755
      97000.0     0.499373
      98000.0     0.493167
      99000.0     0.487166
      100000.     0.481233
      101000.     0.475780
      102000.     0.470132
      103000.     0.464947
      104000.     0.459814
      105000.     0.455201
      106000.     0.450645
      107000.     0.446001
      108000.     0.441334
      109000.     0.437177
      110000.     0.433147
      111000.     0.429135
      112000.     0.425135
      113000.     0.421306
      114000.     0.417647
      115000.     0.414096
      116000.     0.410799
      117000.     0.407502
      118000.     0.404267
      119000.     0.401033
      120000.     0.398014
      121000.     0.395049
      122000.     0.392138
      123000.     0.389309
      124000.     0.386480
      125000.     0.383835
      126000.     0.381191
      127000.     0.378587
      128000.     0.376011
      129000.     0.373491
      130000.     0.371193
      131000.     0.368896
      132000.     0.366633
      133000.     0.364393
      134000.     0.362173
      135000.     0.360134
      136000.     0.358094
      137000.     0.356077
      138000.     0.354094
      139000.     0.352111
      140000.     0.350221
      141000.     0.348354
      142000.     0.346501
      143000.     0.344768
      144000.     0.343035
      145000.     0.341324
      146000.     0.339665
      147000.     0.338007
      148000.     0.336408
      149000.     0.334868
      150000.     0.333328