1000	46368.7
2000	9734.65
3000	3594.71
4000	4229.7
5000	4909.89
6000	3092.28
7000	2066.9
8000	1457.85
9000	1067.56
10000	807.747
11000	625.533
12000	494.879
13000	399.173
14000	327.653
15000	272.415
16000	228.963
17000	194.331
18000	166.61
19000	144.044
20000	125.411
21000	109.891
22000	96.9208
23000	85.8886
24000	76.6351
25000	68.7192
26000	61.8479
27000	167.532
28000	152.552
29000	139.336
30000	127.657
31000	117.275
32000	201.385
33000	186.086
34000	172.314
35000	159.933
36000	148.599
37000	138.481
38000	129.124
39000	120.724
40000	112.92
41000	105.861
42000	99.3087
43000	93.3235
44000	87.8117
45000	82.7033
46000	78.002
47000	73.6218
48000	69.582
49000	65.8817
50000	62.3974
51000	59.1852
52000	56.1901
53000	53.3978
54000	50.8003
55000	48.3467
56000	46.0558
57000	43.942
58000	41.9462
59000	40.0609
60000	38.281
61000	36.6286
62000	35.0469
63000	33.5669
64000	32.1826
65000	30.8703
66000	29.627
67000	28.449
68000	27.3319
69000	26.2871
70000	25.2899
71000	24.3378
72000	23.4327
73000	22.5871
74000	21.7773
75000	21.0005
76000	20.2696
77000	19.5732
78000	18.9034
79000	18.2728
80000	17.6609
81000	17.0819
82000	16.54
83000	16.0134
84000	15.5047
85000	15.0284
86000	14.5636
87000	14.1224
88000	13.6994
89000	13.2925
90000	12.9091
91000	12.5326
92000	12.1805
93000	11.8353
94000	11.5068
95000	11.1902
96000	10.8863
97000	10.5948
98000	10.3106
99000	10.0414
100000	9.77721
101000	9.53108
102000	9.27846
103000	9.04844
104000	8.82092
105000	8.61322
106000	8.40773
107000	8.20341
108000	7.99938
109000	7.81819
110000	7.64272
111000	7.46769
112000	7.29295
113000	7.12651
114000	6.96839
115000	6.81481
116000	6.67186
117000	6.52891
118000	6.38613
119000	6.24335
120000	6.11645
121000	5.99352
122000	5.87303
123000	5.75622
124000	5.6394
125000	5.5287
126000	5.418
127000	5.31061
128000	5.20541
129000	5.10297
130000	5.01151
131000	4.92005
132000	4.82922
133000	4.7388
134000	4.64949
135000	4.57012
136000	4.49074
137000	4.41196
138000	4.33405
139000	4.25614
140000	4.18359
141000	4.11237
142000	4.04172
143000	3.97619
144000	3.91067
145000	3.84624
146000	3.78438
147000	3.72252
148000	3.6637
149000	3.60793
150000	3.55215
	
	
	
	
	
	
	
	
	
	
	
	
	
	
	
	
	
	
	
	
	
	
	
	
	
	
	
	
	
	
	
	
	
	
	
	
	
	
	
	
	
	
	
	
	
