     1000.00      8976.28
      2000.00      1432.87
      3000.00      4668.53
      4000.00      2230.88
      5000.00      1236.86
      6000.00      755.472
      7000.00      494.507
      8000.00      340.797
      9000.00      244.798
      10000.0      181.518
      11000.0      138.430
      12000.0      107.788
      13000.0      85.5176
      14000.0      69.1235
      15000.0      56.5393
      16000.0      46.9564
      17000.0      39.3690
      18000.0      33.3512
      19000.0      28.4994
      20000.0      24.5380
      21000.0      21.3085
      22000.0      18.6310
      23000.0      16.3713
      24000.0      14.4941
      25000.0      12.9004
      26000.0      11.5298
      27000.0      10.3548
      28000.0      9.33975
      29000.0      8.45704
      30000.0      7.68934
      31000.0      7.01984
      32000.0      6.42932
      33000.0      5.90852
      34000.0      5.44758
      35000.0      5.03714
      36000.0      4.66736
      37000.0      4.34125
      38000.0      4.04416
      39000.0      3.78128
      40000.0      3.53990
      41000.0      3.32460
      42000.0      3.12673
      43000.0      2.94853
      44000.0      2.78558
      45000.0      2.63627
      46000.0      2.49959
      47000.0      2.37367
      48000.0      2.25836
      49000.0      2.15293
      50000.0      2.05534
      51000.0      1.96496
      52000.0      1.88175
      53000.0      1.80421
      54000.0      1.73262
      55000.0      1.66514
      56000.0      1.60274
      57000.0      1.54531
      58000.0      1.49144
      59000.0      1.44090
      60000.0      1.39302
      61000.0      1.34915
      62000.0      1.30748
      63000.0      1.26807
      64000.0      1.23173
      65000.0      1.19695
      66000.0      1.16442
      67000.0      1.13388
      68000.0      1.10469
      69000.0      1.07755
      70000.0      1.05147
      71000.0      1.02660
      72000.0      1.00319
      73000.0     0.981309
      74000.0     0.960554
      75000.0     0.940816
      76000.0     0.922007
      77000.0     0.903953
      78000.0     0.886519
      79000.0     0.870223
      80000.0     0.854551
      81000.0     0.839856
      82000.0     0.825971
      83000.0     0.812319
      84000.0     0.798941
      85000.0     0.786671
      86000.0     0.774754
      87000.0     0.763469
      88000.0     0.752490
      89000.0     0.741784
      90000.0     0.731783
      91000.0     0.721990
      92000.0     0.712915
      93000.0     0.703970
      94000.0     0.695342
      95000.0     0.687084
      96000.0     0.679225
      97000.0     0.671626
      98000.0     0.664179
      99000.0     0.657009
      100000.     0.649932
      101000.     0.643414
      102000.     0.636612
      103000.     0.630359
      104000.     0.624167
      105000.     0.618701
      106000.     0.613316
      107000.     0.607716
      108000.     0.602062
      109000.     0.597016
      110000.     0.592120
      111000.     0.587239
      112000.     0.582367
      113000.     0.577729
      114000.     0.573323
      115000.     0.569045
      116000.     0.565065
      117000.     0.561085
      118000.     0.557169
      119000.     0.553253
      120000.     0.549598
      121000.     0.546008
      122000.     0.542454
      123000.     0.538954
      124000.     0.535454
      125000.     0.532156
      126000.     0.528858
      127000.     0.525654
      128000.     0.522513
      129000.     0.519436
      130000.     0.516620
      131000.     0.513803
      132000.     0.510997
      133000.     0.508197
      134000.     0.505425
      135000.     0.502912
      136000.     0.500399
      137000.     0.497889
      138000.     0.495383
      139000.     0.492877
      140000.     0.490526
      141000.     0.488212
      142000.     0.485913
      143000.     0.483740
      144000.     0.481566
      145000.     0.479416
      146000.     0.477320
      147000.     0.475224
      148000.     0.473207
      149000.     0.471268
      150000.     0.469330
