      1000.00      41647.7
      2000.00      9533.81
      3000.00      3554.27
      4000.00      1730.09
      5000.00      2388.05
      6000.00      2908.23
      7000.00      1954.72
      8000.00      1385.12
      9000.00      1017.47
      10000.0      771.800
      11000.0      598.975
      12000.0      474.591
      13000.0      383.297
      14000.0      315.111
      15000.0      262.284
      16000.0      220.633
      17000.0      187.388
      18000.0      160.745
      19000.0      139.051
      20000.0      121.138
      21000.0      106.167
      22000.0      93.6461
      23000.0      82.9925
      24000.0      74.0519
      25000.0      66.4002
      26000.0      59.7645
      27000.0      54.0308
      28000.0      49.0228
      29000.0      44.6379
      30000.0      40.7905
      31000.0      37.3749
      32000.0      34.3443
      33000.0      31.6558
      34000.0      89.7923
      35000.0      83.3211
      36000.0      136.330
      37000.0      126.986
      38000.0      118.389
      39000.0      110.707
      40000.0      103.607
      41000.0      97.2303
      42000.0      91.3230
      43000.0      85.9431
      44000.0      80.9902
      45000.0      76.4079
      46000.0      72.1751
      47000.0      68.2426
      48000.0      64.5910
      49000.0      61.2052
      50000.0      58.0496
      51000.0      55.1096
      52000.0      52.3531
      53000.0      49.7690
      54000.0      47.3593
      55000.0      45.0854
      56000.0      42.9556
      57000.0      40.9927
      58000.0      39.1385
      59000.0      37.3928
      60000.0      35.7309
      61000.0      34.1935
      62000.0      32.7338
      63000.0      31.3574
      64000.0      30.0741
      65000.0      28.8563
      66000.0      27.7063
      67000.0      26.6176
      68000.0      25.5802
      69000.0      24.6050
      70000.0      23.6756
      71000.0      22.7910
      72000.0      21.9540
      73000.0      21.1693
      74000.0      20.4178
      75000.0      19.6968
      76000.0      19.0151
      77000.0      18.3664
      78000.0      17.7425
      79000.0      17.1538
      80000.0      16.5828
      81000.0      16.0430
      82000.0      15.5348
      83000.0      15.0417
      84000.0      14.5665
      85000.0      14.1203
      86000.0      13.6848
      87000.0      13.2711
      88000.0      12.8734
      89000.0      12.4901
      90000.0      12.1302
      91000.0      11.7770
      92000.0      11.4451
      93000.0      11.1199
      94000.0      10.8109
      95000.0      10.5128
      96000.0      10.2263
      97000.0      9.95107
      98000.0      9.68250
      99000.0      9.42898
      100000.      9.18048
      101000.      8.94868
      102000.      8.70989
      103000.      8.49314
      104000.      8.27884
      105000.      8.08268
      106000.      7.88854
      107000.      7.69584
      108000.      7.50349
      109000.      7.33197
      110000.      7.16566
      111000.      6.99968
      112000.      6.83391
      113000.      6.67643
      114000.      6.52722
      115000.      6.38215
      116000.      6.24670
      117000.      6.11126
      118000.      5.97678
      119000.      5.84231
      120000.      5.72203
      121000.      5.60530
      122000.      5.49100
      123000.      5.38037
      124000.      5.26973
      125000.      5.16476
      126000.      5.05979
      127000.      4.95795
      128000.      4.85820
      129000.      4.76104
      130000.      4.67419
      131000.      4.58734
      132000.      4.50117
      133000.      4.41545
      134000.      4.33079
      135000.      4.25568
      136000.      4.18057
      137000.      4.10575
      138000.      4.03137
      139000.      3.95698
      140000.      3.88790
      141000.      3.82015
      142000.      3.75297
      143000.      3.69099
      144000.      3.62902
      145000.      3.56805
      146000.      3.50943
      147000.      3.45082
      148000.      3.39475
      149000.      3.34123
      150000.      3.28770
