      1000.00      18078.2
      2000.00      26508.5
      3000.00      10194.9
      4000.00      5033.99
      5000.00      2882.31
      6000.00      1818.70
      7000.00      1229.45
      8000.00      3208.94
      9000.00      2763.87
      10000.0      2124.79
      11000.0      1657.03
      12000.0      1318.73
      13000.0      1069.41
      14000.0      882.174
      15000.0      736.667
      16000.0      621.290
      17000.0      529.064
      18000.0      454.734
      19000.0      394.344
      20000.0      344.160
      21000.0      302.070
      22000.0      266.807
      23000.0      236.750
      24000.0      211.496
      25000.0      189.847
      26000.0      171.055
      27000.0      154.766
      28000.0      140.535
      29000.0      128.054
      30000.0      117.087
      31000.0      107.271
      32000.0      98.5773
      33000.0      90.8483
      34000.0      83.9168
      35000.0      77.7178
      36000.0      72.0776
      37000.0      67.0728
      38000.0      62.4842
      39000.0      58.3943
      40000.0      54.6004
      41000.0      51.1676
      42000.0      47.9930
      43000.0      45.1209
      44000.0      42.4739
      45000.0      40.0404
      46000.0      37.8070
      47000.0      35.7378
      48000.0      33.8243
      49000.0      32.0677
      50000.0      30.4578
      51000.0      141.427
      52000.0      134.477
      53000.0      127.961
      54000.0      121.920
      55000.0      116.209
      56000.0      110.872
      57000.0      105.942
      58000.0      101.289
      59000.0      96.9155
      60000.0      92.7330
      61000.0      88.8751
      62000.0      85.2019
      63000.0      81.7211
      64000.0      78.4784
      65000.0      75.3991
      66000.0      72.4769
      67000.0      69.7051
      68000.0      67.0756
      69000.0      64.5978
      70000.0      62.2343
      71000.0      59.9784
      72000.0      57.8326
      73000.0      55.8090
      74000.0      53.8710
      75000.0      52.0121
      76000.0      50.2530
      77000.0      48.5854
      78000.0      46.9835
      79000.0      45.4529
      80000.0      43.9643
      81000.0      42.5683
      82000.0      41.2380
      83000.0      39.9499
      84000.0      38.7112
      85000.0      37.5448
      86000.0      36.4047
      87000.0      35.3191
      88000.0      34.2844
      89000.0      33.2949
      90000.0      32.3381
      91000.0      31.3942
      92000.0      30.5267
      93000.0      29.6736
      94000.0      28.8556
      95000.0      28.0665
      96000.0      27.3086
      97000.0      26.5807
      98000.0      25.8703
      99000.0      25.1954
      100000.      24.5324
      101000.      23.9172
      102000.      23.2843
      103000.      22.7057
      104000.      22.1331
      105000.      21.6096
      106000.      21.0916
      107000.      20.5759
      108000.      20.0607
      109000.      19.6017
      110000.      19.1567
      111000.      18.7128
      112000.      18.2696
      113000.      17.8475
      114000.      17.4465
      115000.      17.0562
      116000.      16.6909
      117000.      16.3257
      118000.      15.9645
      119000.      15.6033
      120000.      15.2792
      121000.      14.9645
      122000.      14.6563
      123000.      14.3579
      124000.      14.0595
      125000.      13.7750
      126000.      13.4904
      127000.      13.2157
      128000.      12.9476
      129000.      12.6858
      130000.      12.4499
      131000.      12.2140
      132000.      11.9797
      133000.      11.7464
      134000.      11.5160
      135000.      11.3112
      136000.      11.1064
      137000.      10.9031
      138000.      10.7021
      139000.      10.5010
      140000.      10.3131
      141000.      10.1284
      142000.      9.94539
      143000.      9.77704
      144000.      9.60870
      145000.      9.44294
      146000.      9.28323
      147000.      9.12351
      148000.      8.97053
      149000.      8.82429
      150000.      8.67804
