      1000.00      18279.6
      2000.00      21100.2
      3000.00      8822.06
      4000.00      4330.60
      5000.00      2467.43
      6000.00      1550.14
      7000.00      1043.85
      8000.00      2539.17
      9000.00      2177.34
      10000.0      1672.45
      11000.0      1303.59
      12000.0      1036.94
      13000.0      840.519
      14000.0      693.076
      15000.0      578.534
      16000.0      487.786
      17000.0      415.267
      18000.0      356.841
      19000.0      309.381
      20000.0      269.957
      21000.0      236.909
      22000.0      209.229
      23000.0      185.639
      24000.0      165.823
      25000.0      148.840
      26000.0      134.100
      27000.0      121.326
      28000.0      110.168
      29000.0      100.385
      30000.0      91.7889
      31000.0      84.0986
      32000.0      77.2882
      33000.0      71.2342
      34000.0      65.8057
      35000.0      60.9517
      36000.0      56.5358
      37000.0      52.6176
      38000.0      49.0258
      39000.0      45.8245
      40000.0      42.8554
      41000.0      40.1695
      42000.0      37.6859
      43000.0      35.4389
      44000.0      33.3683
      45000.0      31.4647
      46000.0      29.7178
      47000.0      28.0994
      48000.0      26.6028
      49000.0      25.2292
      50000.0      23.9699
      51000.0      109.482
      52000.0      104.110
      53000.0      99.0735
      54000.0      94.4037
      55000.0      89.9892
      56000.0      85.8637
      57000.0      82.0533
      58000.0      78.4569
      59000.0      75.0762
      60000.0      71.8434
      61000.0      68.8615
      62000.0      66.0224
      63000.0      63.3320
      64000.0      60.8256
      65000.0      58.4456
      66000.0      56.1870
      67000.0      54.0447
      68000.0      52.0124
      69000.0      50.0972
      70000.0      48.2705
      71000.0      46.5269
      72000.0      44.8684
      73000.0      43.3044
      74000.0      41.8065
      75000.0      40.3698
      76000.0      39.0102
      77000.0      37.7213
      78000.0      36.4832
      79000.0      35.3002
      80000.0      34.1498
      81000.0      33.0707
      82000.0      32.0425
      83000.0      31.0469
      84000.0      30.0896
      85000.0      29.1880
      86000.0      28.3068
      87000.0      27.4677
      88000.0      26.6679
      89000.0      25.9031
      90000.0      25.1635
      91000.0      24.4340
      92000.0      23.7634
      93000.0      23.1039
      94000.0      22.4717
      95000.0      21.8617
      96000.0      21.2758
      97000.0      20.7131
      98000.0      20.1639
      99000.0      19.6422
      100000.      19.1297
      101000.      18.6541
      102000.      18.1647
      103000.      17.7174
      104000.      17.2747
      105000.      16.8700
      106000.      16.4694
      107000.      16.0707
      108000.      15.6724
      109000.      15.3175
      110000.      14.9734
      111000.      14.6301
      112000.      14.2874
      113000.      13.9610
      114000.      13.6508
      115000.      13.3490
      116000.      13.0665
      117000.      12.7841
      118000.      12.5047
      119000.      12.2253
      120000.      11.9747
      121000.      11.7312
      122000.      11.4928
      123000.      11.2620
      124000.      11.0312
      125000.      10.8111
      126000.      10.5909
      127000.      10.3784
      128000.      10.1709
      129000.      9.96843
      130000.      9.78588
      131000.      9.60333
      132000.      9.42201
      133000.      9.24150
      134000.      9.06319
      135000.      8.90469
      136000.      8.74620
      137000.      8.58886
      138000.      8.43324
      139000.      8.27763
      140000.      8.13215
      141000.      7.98920
      142000.      7.84752
      143000.      7.71719
      144000.      7.58685
      145000.      7.45851
      146000.      7.33484
      147000.      7.21117
      148000.      7.09270
      149000.      6.97944
      150000.      6.86618
