1000	0.648311
2000	0.0952324
3000	0.0504468
4000	0.0408699
5000	0.0377009
6000	0.0363312
7000	0.0356217
8000	0.0351871
9000	0.0348809
10000	0.03465
11000	0.0344548
12000	0.0342852
13000	0.0341264
14000	0.0339808
15000	0.0338443
16000	0.0337097
17000	0.0335824
18000	0.0334589
19000	0.0333382
20000	0.0332159
21000	0.0330985
22000	0.0329826
23000	0.0328657
24000	0.0327532
25000	0.0326405
26000	0.0325297
27000	0.03242
28000	0.032309
29000	0.0322017
30000	0.0320986
31000	0.0319901
32000	0.0318904
33000	0.0317842
34000	0.0316831
35000	0.0315831
36000	0.0314809
37000	0.0313825
38000	0.031281
39000	0.031186
40000	0.0310888
41000	0.0309919
42000	0.030898
43000	0.0308048
44000	0.0307092
45000	0.0306155
46000	0.0305241
47000	0.0304344
48000	0.0303413
49000	0.03025
50000	0.030165
51000	0.0300724
52000	0.0299866
53000	0.0299011
54000	0.0298134
55000	0.0297265
56000	0.0296412
57000	0.0295581
58000	0.0294764
59000	0.0293924
60000	0.029311
61000	0.0292311
62000	0.0291497
63000	0.0290696
64000	0.0289867
65000	0.0289084
66000	0.0288296
67000	0.0287505
68000	0.0286725
69000	0.0285958
70000	0.0285198
71000	0.0284447
72000	0.0283708
73000	0.0282948
74000	0.0282194
75000	0.0281449
76000	0.0280713
77000	0.0279989
78000	0.0279274
79000	0.0278568
80000	0.0277855
81000	0.0277175
82000	0.0276466
83000	0.027576
84000	0.027506
85000	0.0274374
86000	0.0273692
87000	0.0273016
88000	0.0272349
89000	0.027169
90000	0.0271042
91000	0.0270396
92000	0.0269732
93000	0.026908
94000	0.0268457
95000	0.0267827
96000	0.0267188
97000	0.0266556
98000	0.0265927
99000	0.0265309
100000	0.0264696
101000	0.0264068
102000	0.0263418
103000	0.0262821
104000	0.026223
105000	0.0261665
106000	0.0261102
107000	0.0260495
108000	0.0259878
109000	0.0259305
110000	0.0258743
111000	0.0258166
112000	0.0257577
113000	0.0257002
114000	0.0256441
115000	0.0255887
116000	0.025535
117000	0.0254812
118000	0.0254251
119000	0.0253689
120000	0.0253165
121000	0.0252651
122000	0.0252127
123000	0.025159
124000	0.0251053
125000	0.0250515
126000	0.0249978
127000	0.0249455
128000	0.024894
129000	0.0248429
130000	0.0247933
131000	0.0247437
132000	0.024693
133000	0.0246414
134000	0.0245902
135000	0.0245425
136000	0.0244947
137000	0.0244462
138000	0.0243967
139000	0.0243471
140000	0.024299
141000	0.0242512
142000	0.0242035
143000	0.0241555
144000	0.0241075
145000	0.0240602
146000	0.0240141
147000	0.0239681
148000	0.0239225
149000	0.0238774
150000	0.0238323