      1000.00      44757.0
      2000.00      9824.60
      3000.00      3651.54
      4000.00      1774.87
      5000.00      4146.50
      6000.00      3037.50
      7000.00      2034.68
      8000.00      1437.27
      9000.00      1055.02
      10000.0      799.883
      11000.0      620.419
      12000.0      491.230
      13000.0      396.608
      14000.0      325.861
      15000.0      271.064
      16000.0      228.056
      17000.0      193.658
      18000.0      166.106
      19000.0      143.670
      20000.0      125.142
      21000.0      109.654
      22000.0      96.7184
      23000.0      85.7048
      24000.0      76.4688
      25000.0      68.5670
      26000.0      61.7016
      27000.0      55.7891
      28000.0      50.6095
      29000.0      46.0845
      30000.0      42.1188
      31000.0      38.5972
      32000.0      35.4670
      33000.0      32.6935
      34000.0      165.427
      35000.0      153.561
      36000.0      142.735
      37000.0      133.054
      38000.0      124.136
      39000.0      116.150
      40000.0      108.729
      41000.0      102.029
      42000.0      95.8113
      43000.0      90.1262
      44000.0      84.8880
      45000.0      80.0345
      46000.0      75.5499
      47000.0      71.3817
      48000.0      67.5315
      49000.0      63.9489
      50000.0      60.6333
      51000.0      57.5397
      52000.0      54.6480
      53000.0      51.9451
      54000.0      49.4225
      55000.0      47.0494
      56000.0      44.8238
      57000.0      42.7806
      58000.0      40.8472
      59000.0      39.0160
      60000.0      37.2859
      61000.0      35.6808
      62000.0      34.1635
      63000.0      32.7223
      64000.0      31.3746
      65000.0      30.1068
      66000.0      28.9041
      67000.0      27.7608
      68000.0      26.6736
      69000.0      25.6548
      70000.0      24.6808
      71000.0      23.7544
      72000.0      22.8831
      73000.0      22.0629
      74000.0      21.2765
      75000.0      20.5215
      76000.0      19.8099
      77000.0      19.1322
      78000.0      18.4805
      79000.0      17.8661
      80000.0      17.2701
      81000.0      16.7066
      82000.0      16.1765
      83000.0      15.6621
      84000.0      15.1662
      85000.0      14.7009
      86000.0      14.2469
      87000.0      13.8163
      88000.0      13.4019
      89000.0      13.0018
      90000.0      12.6268
      91000.0      12.2589
      92000.0      11.9140
      93000.0      11.5755
      94000.0      11.2530
      95000.0      10.9424
      96000.0      10.6446
      97000.0      10.3583
      98000.0      10.0789
      99000.0      9.81493
      100000.      9.55610
      101000.      9.31550
      102000.      9.06728
      103000.      8.84179
      104000.      8.61882
      105000.      8.41441
      106000.      8.21207
      107000.      8.01190
      108000.      7.81228
      109000.      7.63397
      110000.      7.46099
      111000.      7.28840
      112000.      7.11608
      113000.      6.95244
      114000.      6.79750
      115000.      6.64671
      116000.      6.50561
      117000.      6.36451
      118000.      6.22442
      119000.      6.08434
      120000.      5.95982
      121000.      5.83919
      122000.      5.72090
      123000.      5.60611
      124000.      5.49132
      125000.      5.38236
      126000.      5.27341
      127000.      5.16737
      128000.      5.06328
      129000.      4.96205
      130000.      4.87225
      131000.      4.78245
      132000.      4.69274
      133000.      4.60309
      134000.      4.51462
      135000.      4.43679
      136000.      4.35897
      137000.      4.28138
      138000.      4.20415
      139000.      4.12693
      140000.      4.05545
      141000.      3.98541
      142000.      3.91595
      143000.      3.85174
      144000.      3.78754
      145000.      3.72433
      146000.      3.66346
      147000.      3.60259
      148000.      3.54414
      149000.      3.48811
      150000.      3.43207