1000	3489.05
2000	566.938
3000	189.023
4000	795.965
5000	446.265
6000	275.521
7000	182.056
8000	126.316
9000	91.2687
10000	68.006
11000	52.0822
12000	40.6791
13000	32.3923
14000	26.2358
15000	21.5251
16000	17.9042
17000	15.0369
18000	12.7542
19000	10.911
20000	9.40216
21000	8.16877
22000	7.14387
23000	6.27773
24000	5.55659
25000	4.94299
26000	4.41599
27000	3.96286
28000	3.57206
29000	3.23136
30000	2.93403
31000	2.67485
32000	2.44747
33000	2.24519
34000	2.06595
35000	1.90716
36000	1.76348
37000	1.63699
38000	1.52119
39000	1.41946
40000	1.32462
41000	1.24137
42000	1.16432
43000	1.09471
44000	1.03121
45000	0.972952
46000	0.919639
47000	0.870619
48000	0.825619
49000	0.784414
50000	0.746291
51000	0.711112
52000	0.678696
53000	0.648468
54000	0.620607
55000	0.594441
56000	0.570054
57000	0.547596
58000	0.526677
59000	0.507037
60000	0.488388
61000	0.471242
62000	0.455005
63000	0.439842
64000	0.425519
65000	0.412089
66000	0.399443
67000	0.387498
68000	0.376173
69000	0.365707
70000	0.355675
71000	0.346078
72000	0.33696
73000	0.328545
74000	0.320466
75000	0.312692
76000	0.305434
77000	0.29857
78000	0.291988
79000	0.285714
80000	0.279627
81000	0.273926
82000	0.268511
83000	0.263278
84000	0.258259
85000	0.253617
86000	0.249083
87000	0.244721
88000	0.240536
89000	0.236508
90000	0.232741
91000	0.229047
92000	0.225549
93000	0.222111
94000	0.218818
95000	0.215662
96000	0.212655
97000	0.209766
98000	0.206948
99000	0.204257
100000	0.201607
101000	0.199202
102000	0.196692
103000	0.194415
104000	0.192163
105000	0.190064
106000	0.187983
107000	0.185924
108000	0.183871
109000	0.182015
110000	0.180209
111000	0.178426
112000	0.17666
113000	0.174964
114000	0.173339
115000	0.171751
116000	0.170254
117000	0.168757
118000	0.167251
119000	0.165746
120000	0.16443
121000	0.16316
122000	0.161891
123000	0.160621
124000	0.159352
125000	0.158193
126000	0.157034
127000	0.155875
128000	0.154716
129000	0.153595
130000	0.152627
131000	0.151659
132000	0.150668
133000	0.149661
134000	0.148667
135000	0.147784
136000	0.1469
137000	0.146024
138000	0.145158
139000	0.144292
140000	0.143452
141000	0.142617
142000	0.141791
143000	0.141034
144000	0.140277
145000	0.139535
146000	0.138825
147000	0.138115
148000	0.137416
149000	0.136727
150000	0.136039
