1000    3929.569849
2000    593.098631
3000    192.238044
4000    84.503719
5000    44.236625
6000    25.703996
7000    16.233313
8000    10.894815
9000    7.681617
10000    5.626602
11000    4.261185
12000    3.312352
13000    2.637087
14000    2.146342
15000    1.776755
16000    1.497966
17000    1.280067
18000    1.108780
19000    0.972044
20000    0.861088
21000    0.771107
22000    0.696984
23000    0.634748
24000    0.583083
25000    0.539304
26000    0.502102
27000    0.469862
28000    0.442087
29000    0.418230
30000    0.397120
31000    0.378767
32000    0.362597
33000    0.348286
34000    0.335507
35000    0.324148
36000    0.313856
37000    0.304724
38000    0.296368
39000    0.288917
40000    0.282011
41000    0.275825
42000    0.270093
43000    0.264856
44000    0.260032
45000    0.255568
46000    0.251440
47000    0.247616
48000    0.244054
49000    0.240777
50000    0.237681
51000    0.234763
52000    0.232062
53000    0.229520
54000    0.227112
55000    0.224823
56000    0.222674
57000    0.220668
58000    0.218738
59000    0.216902
60000    0.215140
61000    0.213493
62000    0.211902
63000    0.210385
64000    0.208915
65000    0.207518
66000    0.206181
67000    0.204896
68000    0.203657
69000    0.202462
70000    0.201297
71000    0.200170
72000    0.199091
73000    0.198057
74000    0.197041
75000    0.196042
76000    0.195095
77000    0.194177
78000    0.193280
79000    0.192400
80000    0.191532
81000    0.190704
82000    0.189897
83000    0.189106
84000    0.188333
85000    0.187593
86000    0.186862
87000    0.186143
88000    0.185433
89000    0.184729
90000    0.184053
91000    0.183385
92000    0.182744
93000    0.182108
94000    0.181479
95000    0.180859
96000    0.180245
97000    0.179649
98000    0.179062
99000    0.178492
100000    0.177928
101000    0.177357
102000    0.176790
103000    0.176253
104000    0.175719
105000    0.175210
106000    0.174703
107000    0.174185
108000    0.173665
109000    0.173183
110000    0.172711
111000    0.172226
112000    0.171731
113000    0.171249
114000    0.170778
115000    0.170314
116000    0.169864
117000    0.169414
118000    0.168958
119000    0.168502
120000    0.168077
