1000    3948.227339
2000    595.677829
3000    195.450911
4000    86.877839
5000    44.977412
6000    26.146162
7000    16.517527
8000    11.087684
9000    7.818763
10000    5.727627
11000    4.337906
12000    3.371945
13000    2.684398
14000    2.184643
15000    1.808211
16000    1.524231
17000    1.302254
18000    1.127751
19000    0.988424
20000    0.875371
21000    0.783682
22000    0.708146
23000    0.644724
24000    0.592070
25000    0.547457
26000    0.509538
27000    0.476684
28000    0.448381
29000    0.424064
30000    0.402553
31000    0.383852
32000    0.367375
33000    0.352792
34000    0.339772
35000    0.328200
36000    0.317713
37000    0.308412
38000    0.299899
39000    0.292310
40000    0.285276
41000    0.278976
42000    0.273141
43000    0.267807
44000    0.262897
45000    0.258352
46000    0.254151
47000    0.250259
48000    0.246634
49000    0.243299
50000    0.240149
51000    0.237181
52000    0.234433
53000    0.231849
54000    0.229400
55000    0.227073
56000    0.224888
57000    0.222849
58000    0.220887
59000    0.219022
60000    0.217232
61000    0.215558
62000    0.213942
63000    0.212402
64000    0.210909
65000    0.209490
66000    0.208133
67000    0.206829
68000    0.205571
69000    0.204359
70000    0.203178
71000    0.202034
72000    0.200940
73000    0.199891
74000    0.198861
75000    0.197849
76000    0.196888
77000    0.195957
78000    0.195048
79000    0.194157
80000    0.193278
81000    0.192439
82000    0.191621
83000    0.190819
84000    0.190037
85000    0.189288
86000    0.188547
87000    0.187819
88000    0.187100
89000    0.186387
90000    0.185703
91000    0.185027
92000    0.184379
93000    0.183734
94000    0.183099
95000    0.182471
96000    0.181850
97000    0.181247
98000    0.180653
99000    0.180077
100000    0.179505
101000    0.178928
102000    0.178355
103000    0.177812
104000    0.177272
105000    0.176757
106000    0.176245
107000    0.175721
108000    0.175195
109000    0.174708
110000    0.174230
111000    0.173740
112000    0.173241
113000    0.172754
114000    0.172277
115000    0.171808
116000    0.171354
117000    0.170899
118000    0.170439
119000    0.169977
120000    0.169548
