1000	1605.08
2000	3361.06
3000	1145.5
4000	517.352
5000	275.404
6000	163.224
7000	104.412
8000	70.6185
9000	50.0196
10000	36.6371
11000	27.6736
12000	21.3756
13000	16.8614
14000	13.5592
15000	11.0627
16000	9.167
17000	7.67836
18000	6.50804
19000	5.56817
20000	4.80706
21000	4.18962
22000	3.67886
23000	3.24996
24000	2.89466
25000	2.59398
26000	2.33664
27000	2.11654
28000	1.92663
29000	1.76187
30000	1.61888
31000	1.4942
32000	1.38465
33000	1.2881
34000	1.20248
35000	1.12662
36000	1.05807
37000	0.99759
38000	0.942844
39000	0.893863
40000	0.849319
41000	0.809235
42000	0.772568
43000	0.739449
44000	0.709133
45000	0.68143
46000	0.656063
47000	0.632381
48000	0.611135
49000	0.591079
50000	0.572967
51000	0.556075
52000	0.540265
53000	0.525489
54000	0.511895
55000	0.499208
56000	0.487523
57000	0.476528
58000	0.466059
59000	0.45637
60000	0.447078
61000	0.438719
62000	0.430734
63000	0.422937
64000	0.415787
65000	0.409017
66000	0.402593
67000	0.396494
68000	0.390702
69000	0.385284
70000	0.380093
71000	0.375117
72000	0.370368
73000	0.365913
74000	0.36162
75000	0.35748
76000	0.353582
77000	0.349856
78000	0.346257
79000	0.342825
80000	0.339512
81000	0.336302
82000	0.333319
83000	0.330403
84000	0.327564
85000	0.324873
86000	0.322235
87000	0.319705
88000	0.31726
89000	0.31489
90000	0.312645
91000	0.310436
92000	0.308329
93000	0.306252
94000	0.304252
95000	0.302305
96000	0.300417
97000	0.298592
98000	0.296803
99000	0.295081
100000	0.293381
101000	0.291798
102000	0.290141
103000	0.288598
104000	0.287068
105000	0.285658
106000	0.284262
107000	0.282845
108000	0.281422
109000	0.280118
110000	0.278845
111000	0.277571
112000	0.276299
113000	0.275064
114000	0.273869
115000	0.272701
116000	0.271595
117000	0.270489
118000	0.269372
119000	0.268255
120000	0.267226
121000	0.266221
122000	0.265222
123000	0.264234
124000	0.263246
125000	0.262276
126000	0.261306
127000	0.260357
128000	0.259423
129000	0.258507
130000	0.257661
131000	0.256815
132000	0.25596
133000	0.255097
134000	0.254243
135000	0.253461
136000	0.252678
137000	0.251891
138000	0.251095
139000	0.250299
140000	0.249539
141000	0.248789
142000	0.248041
143000	0.247317
144000	0.246593
145000	0.245879
146000	0.245186
147000	0.244493
148000	0.243819
149000	0.243164
150000	0.242509
