      1000.00      3903.86
      2000.00      587.260
      3000.00      190.209
      4000.00      85.3338
      5000.00      44.1729
      6000.00      25.6780
      7000.00      16.2223
      8000.00      10.8900
      9000.00      7.67997
      10000.0      5.62651
      11000.0      4.26186
      12000.0      3.31331
      13000.0      2.63819
      14000.0      2.14742
      15000.0      1.77779
      16000.0      1.49890
      17000.0      1.28092
      18000.0      1.10955
      19000.0     0.972713
      20000.0     0.861681
      21000.0     0.771630
      22000.0     0.697437
      23000.0     0.635140
      24000.0     0.583419
      25000.0     0.539594
      26000.0     0.502343
      27000.0     0.470067
      28000.0     0.442262
      29000.0     0.418370
      30000.0     0.397233
      31000.0     0.378857
      32000.0     0.362667
      33000.0     0.348335
      34000.0     0.335538
      35000.0     0.324165
      36000.0     0.313857
      37000.0     0.304714
      38000.0     0.296344
      39000.0     0.288884
      40000.0     0.281967
      41000.0     0.275773
      42000.0     0.270034
      43000.0     0.264789
      44000.0     0.259958
      45000.0     0.255489
      46000.0     0.251355
      47000.0     0.247526
      48000.0     0.243959
      49000.0     0.240677
      50000.0     0.237576
      51000.0     0.234655
      52000.0     0.231951
      53000.0     0.229406
      54000.0     0.226995
      55000.0     0.224704
      56000.0     0.222552
      57000.0     0.220544
      58000.0     0.218611
      59000.0     0.216774
      60000.0     0.215011
      61000.0     0.213361
      62000.0     0.211768
      63000.0     0.210251
      64000.0     0.208779
      65000.0     0.207381
      66000.0     0.206042
      67000.0     0.204757
      68000.0     0.203517
      69000.0     0.202322
      70000.0     0.201156
      71000.0     0.200028
      72000.0     0.198948
      73000.0     0.197914
      74000.0     0.196898
      75000.0     0.195898
      76000.0     0.194951
      77000.0     0.194032
      78000.0     0.193135
      79000.0     0.192255
      80000.0     0.191387
      81000.0     0.190559
      82000.0     0.189751
      83000.0     0.188960
      84000.0     0.188187
      85000.0     0.187447
      86000.0     0.186715
      87000.0     0.185997
      88000.0     0.185286
      89000.0     0.184582
      90000.0     0.183907
      91000.0     0.183239
      92000.0     0.182598
      93000.0     0.181961
      94000.0     0.181333
      95000.0     0.180712
      96000.0     0.180099
      97000.0     0.179502
      98000.0     0.178916
      99000.0     0.178346
      100000.     0.177781
      101000.     0.177210
      102000.     0.176644
      103000.     0.176107
      104000.     0.175574
      105000.     0.175064
      106000.     0.174557
      107000.     0.174040
      108000.     0.173520
      109000.     0.173038
      110000.     0.172566
      111000.     0.172081
      112000.     0.171587
      113000.     0.171105
      114000.     0.170634
      115000.     0.170170
      116000.     0.169720
      117000.     0.169271
      118000.     0.168815
      119000.     0.168359
      120000.     0.167934
      121000.     0.167516
      122000.     0.167099
      123000.     0.166682
      124000.     0.166266
      125000.     0.165846
      126000.     0.165427
      127000.     0.165016
      128000.     0.164612
      129000.     0.164212
      130000.     0.163826
      131000.     0.163440
      132000.     0.163052
      133000.     0.162662
      134000.     0.162276
      135000.     0.161917
      136000.     0.161559
      137000.     0.161195
      138000.     0.160821
      139000.     0.160447
      140000.     0.160084
      141000.     0.159724
      142000.     0.159365
      143000.     0.159016
      144000.     0.158667
      145000.     0.158319
      146000.     0.157973
      147000.     0.157626
      148000.     0.157286
      149000.     0.156952
      150000.     0.156617
