1000	4142.62
2000	597.027
3000	182.174
4000	77.1295
5000	39.3339
6000	22.6225
7000	14.1751
8000	9.45562
9000	6.64186
10000	4.85313
11000	3.67388
12000	2.8573
13000	2.27903
14000	1.86065
15000	1.54635
16000	1.30999
17000	1.12596
18000	0.981537
19000	0.866322
20000	0.772908
21000	0.697516
22000	0.635139
23000	0.583127
24000	0.539854
25000	0.503043
26000	0.471627
27000	0.444708
28000	0.421487
29000	0.401224
30000	0.383603
31000	0.368156
32000	0.354543
33000	0.342462
34000	0.331688
35000	0.322063
36000	0.313344
37000	0.305572
38000	0.298468
39000	0.29207
40000	0.286197
41000	0.280857
42000	0.27594
43000	0.271416
44000	0.267224
45000	0.263366
46000	0.259748
47000	0.256414
48000	0.253304
49000	0.250398
50000	0.247632
51000	0.245088
52000	0.242678
53000	0.240364
54000	0.238245
55000	0.236153
56000	0.234243
57000	0.232383
58000	0.230637
59000	0.228967
60000	0.227354
61000	0.225817
62000	0.224347
63000	0.22297
64000	0.221615
65000	0.220313
66000	0.219039
67000	0.217812
68000	0.216662
69000	0.21553
70000	0.214435
71000	0.213367
72000	0.212314
73000	0.211318
74000	0.210356
75000	0.209424
76000	0.208503
77000	0.207597
78000	0.206706
79000	0.205857
80000	0.205033
81000	0.204187
82000	0.203409
83000	0.202636
84000	0.201867
85000	0.201115
86000	0.200373
87000	0.199665
88000	0.198965
89000	0.198273
90000	0.197594
91000	0.196919
92000	0.196254
93000	0.195601
94000	0.194977
95000	0.194345
96000	0.193706
97000	0.193091
98000	0.19249
99000	0.191902
100000	0.191318
101000	0.190788
102000	0.190194
103000	0.189626
104000	0.189061
105000	0.188544
106000	0.188032
107000	0.187499
108000	0.186961
109000	0.186462
110000	0.185973
111000	0.18547
112000	0.184958
113000	0.184457
114000	0.183968
115000	0.183486
116000	0.183018
117000	0.182551
118000	0.182086
119000	0.181621
120000	0.18117
121000	0.180722
122000	0.180283
123000	0.179857
124000	0.179431
125000	0.178983
126000	0.178534
127000	0.1781
128000	0.177674
129000	0.177255
130000	0.176862
131000	0.176469
132000	0.176066
133000	0.175657
134000	0.17525
135000	0.174851
136000	0.174453
137000	0.174056
138000	0.173663
139000	0.17327
140000	0.172889
141000	0.17251
142000	0.172133
143000	0.171768
144000	0.171403
145000	0.171038
146000	0.170673
147000	0.170308
148000	0.169954
149000	0.16961
150000	0.169265
