1000	634.464
2000	1474.99
3000	491.919
4000	219.356
5000	115.764
6000	68.1978
7000	43.4336
8000	29.2712
9000	20.6654
10000	15.1057
11000	11.3938
12000	8.79385
13000	6.93433
14000	5.57907
15000	4.5533
16000	3.77726
17000	3.16804
18000	2.68857
19000	2.30649
20000	1.99563
21000	1.74362
22000	1.53572
23000	1.36117
24000	1.21662
25000	1.09448
26000	0.98987
27000	0.900379
28000	0.823253
29000	0.756304
30000	0.69824
31000	0.647541
32000	0.603096
33000	0.563652
34000	0.528877
35000	0.497864
36000	0.470106
37000	0.445485
38000	0.423161
39000	0.403323
40000	0.384947
41000	0.368675
42000	0.353737
43000	0.340313
44000	0.327912
45000	0.316437
46000	0.306099
47000	0.296433
48000	0.287549
49000	0.279489
50000	0.271877
51000	0.264889
52000	0.258567
53000	0.252496
54000	0.246905
55000	0.241621
56000	0.236706
57000	0.232144
58000	0.227862
59000	0.223825
60000	0.219991
61000	0.216434
62000	0.213051
63000	0.20985
64000	0.206834
65000	0.203976
66000	0.20127
67000	0.198696
68000	0.196233
69000	0.193939
70000	0.191718
71000	0.189584
72000	0.187559
73000	0.185657
74000	0.183822
75000	0.182048
76000	0.18036
77000	0.178752
78000	0.177202
79000	0.175714
80000	0.174255
81000	0.172868
82000	0.171558
83000	0.170277
84000	0.16903
85000	0.167848
86000	0.16669
87000	0.165579
88000	0.164498
89000	0.163443
90000	0.162432
91000	0.161434
92000	0.160492
93000	0.159562
94000	0.158664
95000	0.157794
96000	0.156957
97000	0.156127
98000	0.155303
99000	0.15452
100000	0.15375
101000	0.153024
102000	0.152275
103000	0.151571
104000	0.150872
105000	0.150215
106000	0.149561
107000	0.148902
108000	0.148241
109000	0.147638
110000	0.147049
111000	0.14645
112000	0.145845
113000	0.145266
114000	0.144711
115000	0.144168
116000	0.143648
117000	0.143129
118000	0.142586
119000	0.142043
120000	0.141554
121000	0.141077
122000	0.140601
123000	0.140124
124000	0.139648
125000	0.139193
126000	0.138738
127000	0.138282
128000	0.137827
129000	0.137381
130000	0.13697
131000	0.13656
132000	0.13614
133000	0.135713
134000	0.135291
135000	0.134914
136000	0.134538
137000	0.134156
138000	0.133765
139000	0.133374
140000	0.132995
141000	0.132618
142000	0.132244
143000	0.13189
144000	0.131536
145000	0.131185
146000	0.13084
147000	0.130495
148000	0.13016
149000	0.129835
150000	0.12951
