      1000.00      28633.5
      2000.00      7060.44
      3000.00      2591.51
      4000.00      1248.17
      5000.00      2685.81
      6000.00      1957.84
      7000.00      1310.16
      8000.00      924.661
      9000.00      678.267
      10000.0      513.915
      11000.0      398.424
      12000.0      315.329
      13000.0      254.493
      14000.0      209.028
      15000.0      173.827
      16000.0      146.216
      17000.0      124.139
      18000.0      106.461
      19000.0      92.0701
      20000.0      80.1889
      21000.0      70.2617
      22000.0      61.9716
      23000.0      54.9149
      24000.0      48.9982
      25000.0      43.9372
      26000.0      39.5408
      27000.0      35.7549
      28000.0      32.4390
      29000.0      29.5425
      30000.0      27.0044
      31000.0      24.7510
      32000.0      22.7484
      33000.0      20.9740
      34000.0      104.779
      35000.0      97.2672
      36000.0      90.4140
      37000.0      84.2859
      38000.0      78.6410
      39000.0      73.5859
      40000.0      68.8888
      41000.0      64.6485
      42000.0      60.7128
      43000.0      57.1147
      44000.0      53.7995
      45000.0      50.7277
      46000.0      47.8896
      47000.0      45.2516
      48000.0      42.8149
      49000.0      40.5477
      50000.0      38.4494
      51000.0      36.4917
      52000.0      34.6618
      53000.0      32.9513
      54000.0      31.3550
      55000.0      29.8533
      56000.0      28.4449
      57000.0      27.1519
      58000.0      25.9284
      59000.0      24.7696
      60000.0      23.6747
      61000.0      22.6590
      62000.0      21.6988
      63000.0      20.7868
      64000.0      19.9340
      65000.0      19.1317
      66000.0      18.3706
      67000.0      17.6470
      68000.0      16.9590
      69000.0      16.3143
      70000.0      15.6979
      71000.0      15.1116
      72000.0      14.5602
      73000.0      14.0411
      74000.0      13.5434
      75000.0      13.0656
      76000.0      12.6152
      77000.0      12.1863
      78000.0      11.7738
      79000.0      11.3849
      80000.0      11.0077
      81000.0      10.6510
      82000.0      10.3155
      83000.0      9.98989
      84000.0      9.67595
      85000.0      9.38143
      86000.0      9.09403
      87000.0      8.82145
      88000.0      8.55912
      89000.0      8.30586
      90000.0      8.06842
      91000.0      7.83555
      92000.0      7.61714
      93000.0      7.40287
      94000.0      7.19869
      95000.0      7.00200
      96000.0      6.81342
      97000.0      6.63218
      98000.0      6.45523
      99000.0      6.28807
      100000.      6.12417
      101000.      5.97180
      102000.      5.81461
      103000.      5.67180
      104000.      5.53058
      105000.      5.40111
      106000.      5.27294
      107000.      5.14615
      108000.      5.01970
      109000.      4.90674
      110000.      4.79716
      111000.      4.68782
      112000.      4.57864
      113000.      4.47496
      114000.      4.37679
      115000.      4.28125
      116000.      4.19184
      117000.      4.10243
      118000.      4.01364
      119000.      3.92486
      120000.      3.84594
      121000.      3.76948
      122000.      3.69450
      123000.      3.62173
      124000.      3.54896
      125000.      3.47989
      126000.      3.41081
      127000.      3.34359
      128000.      3.27759
      129000.      3.21339
      130000.      3.15645
      131000.      3.09950
      132000.      3.04260
      133000.      2.98573
      134000.      2.92962
      135000.      2.88025
      136000.      2.83088
      137000.      2.78166
      138000.      2.73267
      139000.      2.68367
      140000.      2.63831
      141000.      2.59385
      142000.      2.54977
      143000.      2.50902
      144000.      2.46827
      145000.      2.42815
      146000.      2.38951
      147000.      2.35086
      148000.      2.31376
      149000.      2.27818
      150000.      2.24260
