1000	6556.67
2000	992.913
3000	310.191
4000	133.124
5000	68.4712
6000	39.5767
7000	24.8758
8000	16.6203
9000	11.6675
10000	8.50915
11000	6.41503
12000	4.96367
13000	3.9329
14000	3.18514
15000	2.6232
16000	2.20006
17000	1.86979
18000	1.61053
19000	1.40398
20000	1.23657
21000	1.10093
22000	0.989378
23000	0.895821
24000	0.81823
25000	0.752551
26000	0.696911
27000	0.648612
28000	0.607079
29000	0.571557
30000	0.540024
31000	0.512697
32000	0.488636
33000	0.467384
34000	0.448416
35000	0.431589
36000	0.416357
37000	0.402872
38000	0.390546
39000	0.379568
40000	0.369411
41000	0.360334
42000	0.351927
43000	0.344251
44000	0.337206
45000	0.330695
46000	0.324688
47000	0.319128
48000	0.313963
49000	0.309232
50000	0.304759
51000	0.300551
52000	0.29666
53000	0.293013
54000	0.289565
55000	0.286295
56000	0.283228
57000	0.280385
58000	0.277635
59000	0.27504
60000	0.27254
61000	0.270224
62000	0.267984
63000	0.265855
64000	0.263799
65000	0.261843
66000	0.259982
67000	0.258199
68000	0.256475
69000	0.254816
70000	0.253201
71000	0.251642
72000	0.250161
73000	0.248744
74000	0.247348
75000	0.245974
76000	0.244684
77000	0.243438
78000	0.242221
79000	0.241018
80000	0.239837
81000	0.238708
82000	0.237625
83000	0.236564
84000	0.235528
85000	0.234542
86000	0.233566
87000	0.2326
88000	0.231646
89000	0.230702
90000	0.229801
91000	0.228913
92000	0.228067
93000	0.227225
94000	0.226393
95000	0.22557
96000	0.224755
97000	0.223968
98000	0.223195
99000	0.222449
100000	0.221711
101000	0.220961
102000	0.220225
103000	0.219522
104000	0.218823
105000	0.218153
106000	0.217488
107000	0.216816
108000	0.216144
109000	0.215521
110000	0.214909
111000	0.214281
112000	0.21364
113000	0.213015
114000	0.212403
115000	0.2118
116000	0.211216
117000	0.210631
118000	0.210044
119000	0.209457
120000	0.20891
121000	0.208372
122000	0.207834
123000	0.207296
124000	0.206758
125000	0.20622
126000	0.205683
127000	0.205158
128000	0.204643
129000	0.204131
130000	0.203634
131000	0.203138
132000	0.202642
133000	0.202148
134000	0.201656
135000	0.201198
136000	0.20074
137000	0.200275
138000	0.199799
139000	0.199323
140000	0.198861
141000	0.198403
142000	0.197947
143000	0.197505
144000	0.197063
145000	0.196621
146000	0.196179
147000	0.195738
148000	0.195302
149000	0.194871
150000	0.194441
