1000	3481.27
2000	549.189
3000	2034.69
4000	954.004
5000	520.881
6000	314.156
7000	203.767
8000	139.42
9000	99.5574
10000	73.4612
11000	55.7918
12000	43.2858
13000	34.252
14000	27.6073
15000	22.5479
16000	18.6904
17000	15.6544
18000	13.252
19000	11.3202
20000	9.74528
21000	8.46371
22000	7.40172
23000	6.5103
24000	5.76888
25000	5.13914
26000	4.60087
27000	4.13954
28000	3.7397
29000	3.39471
30000	3.09414
31000	2.83149
32000	2.60091
33000	2.39738
34000	2.21684
35000	2.0568
36000	1.91281
37000	1.78572
38000	1.67011
39000	1.56736
40000	1.47347
41000	1.38947
42000	1.31278
43000	1.24307
44000	1.17969
45000	1.12135
46000	1.06824
47000	1.01931
48000	0.974468
49000	0.933274
50000	0.89491
51000	0.85987
52000	0.827302
53000	0.797112
54000	0.769047
55000	0.742833
56000	0.71836
57000	0.695783
58000	0.674715
59000	0.654835
60000	0.635885
61000	0.618774
62000	0.60233
63000	0.586897
64000	0.572512
65000	0.558789
66000	0.545866
67000	0.533755
68000	0.522409
69000	0.51176
70000	0.501395
71000	0.49148
72000	0.482248
73000	0.473667
74000	0.465354
75000	0.457293
76000	0.449779
77000	0.442682
78000	0.43588
79000	0.429361
80000	0.422862
81000	0.416922
82000	0.411358
83000	0.405927
84000	0.400652
85000	0.395668
86000	0.39079
87000	0.386128
88000	0.381634
89000	0.377288
90000	0.37319
91000	0.369178
92000	0.3656
93000	0.361982
94000	0.358268
95000	0.354794
96000	0.35158
97000	0.348435
98000	0.345329
99000	0.342369
100000	0.339457
101000	0.336747
102000	0.333935
103000	0.331345
104000	0.328779
105000	0.326415
106000	0.324073
107000	0.321722
108000	0.319368
109000	0.317251
110000	0.315192
111000	0.313135
112000	0.311079
113000	0.309094
114000	0.30718
115000	0.305319
116000	0.30358
117000	0.301842
118000	0.300072
119000	0.298303
120000	0.296711
121000	0.295163
122000	0.293632
123000	0.292128
124000	0.290624
125000	0.289165
126000	0.287705
127000	0.286281
128000	0.28488
129000	0.283509
130000	0.282257
131000	0.281005
132000	0.279748
133000	0.278489
134000	0.277242
135000	0.276115
136000	0.274988
137000	0.273854
138000	0.272711
139000	0.271568
140000	0.27049
141000	0.269428
142000	0.268373
143000	0.267375
144000	0.266376
145000	0.265385
146000	0.264412
147000	0.263439
148000	0.2625
149000	0.261594
150000	0.260688
