      1000.00      59375.1
      2000.00      14651.6
      3000.00      22398.2
      4000.00      14263.9
      5000.00      8326.42
      6000.00      5324.54
      7000.00      3632.67
      8000.00      2606.94
      9000.00      1939.67
      10000.0      1489.35
      11000.0      1171.55
      12000.0      940.298
      13000.0      769.542
      14000.0      1528.97
      15000.0      1271.99
      16000.0      1728.23
      17000.0      1483.22
      18000.0      1284.54
      19000.0      1120.94
      20000.0      984.725
      21000.0      867.691
      22000.0      769.500
      23000.0      685.118
      24000.0      614.173
      25000.0      553.017
      26000.0      499.817
      27000.0      453.392
      28000.0      412.787
      29000.0      377.070
      30000.0      345.581
      31000.0      317.290
      32000.0      292.166
      33000.0      269.672
      34000.0      249.512
      35000.0      231.458
      36000.0      215.017
      37000.0      200.382
      38000.0      186.902
      39000.0      174.866
      40000.0      163.712
      41000.0      153.549
      42000.0      144.173
      43000.0      135.603
      44000.0      127.754
      45000.0      120.481
      46000.0      113.794
      47000.0      107.584
      48000.0      101.865
      49000.0      96.6029
      50000.0      91.6801
      51000.0      87.0726
      52000.0      82.8273
      53000.0      78.8037
      54000.0      75.0964
      55000.0      71.6025
      56000.0      68.3201
      57000.0      65.2999
      58000.0      62.4633
      59000.0      59.7770
      60000.0      57.2214
      61000.0      54.8599
      62000.0      52.6024
      63000.0      50.4751
      64000.0      48.4817
      65000.0      46.6028
      66000.0      44.8176
      67000.0      43.1255
      68000.0      41.5321
      69000.0      40.0364
      70000.0      38.6048
      71000.0      37.2302
      72000.0      35.9096
      73000.0      34.7027
      74000.0      33.5399
      75000.0      32.4161
      76000.0      31.3609
      77000.0      30.3545
      78000.0      29.3855
      79000.0      28.4700
      80000.0      27.5803
      81000.0      26.7387
      82000.0      25.9448
      83000.0      25.1743
      84000.0      24.4314
      85000.0      23.7328
      86000.0      23.0508
      87000.0      22.4040
      88000.0      21.7720
      89000.0      85.1061
      90000.0      82.7462
      91000.0      80.4280
      92000.0      78.2501
      93000.0      76.1093
      94000.0      74.0590
      95000.0      72.0816
      96000.0      70.1832
      97000.0      68.3704
      98000.0      66.6080
      99000.0      64.9178
      100000.      63.2517
      101000.      61.7171
      102000.      60.1301
      103000.      58.6892
      104000.      57.2645
      105000.      55.9434
      106000.      54.6338
      107000.      53.3382
      108000.      52.0460
      109000.      50.8959
      110000.      49.7814
      111000.      48.6635
      112000.      47.5433
      113000.      46.4786
      114000.      45.4696
      115000.      44.4866
      116000.      43.5647
      117000.      42.6427
      118000.      41.7240
      119000.      40.8053
      120000.      39.9810
      121000.      39.1802
      122000.      38.3961
      123000.      37.6368
      124000.      36.8775
      125000.      36.1596
      126000.      35.4417
      127000.      34.7404
      128000.      34.0501
      129000.      33.3760
      130000.      32.7669
      131000.      32.1578
      132000.      31.5547
      133000.      30.9556
      134000.      30.3636
      135000.      29.8347
      136000.      29.3058
      137000.      28.7789
      138000.      28.2551
      139000.      27.7314
      140000.      27.2428
      141000.      26.7630
      142000.      26.2871
      143000.      25.8469
      144000.      25.4067
      145000.      24.9725
      146000.      24.5524
      147000.      24.1324
      148000.      23.7308
      149000.      23.3478
      150000.      22.9648
