      1000.00      3295.84
      2000.00      476.292
      3000.00      145.835
      4000.00      61.9218
      5000.00      31.6428
      6000.00      18.2308
      7000.00      11.4514
      8000.00      7.66272
      9000.00      5.39985
      10000.0      3.96207
      11000.0      3.01278
      12000.0      2.35604
      13000.0      1.89031
      14000.0      1.55307
      15000.0      1.29947
      16000.0      1.10869
      17000.0     0.959923
      18000.0     0.843208
      19000.0     0.749874
      20000.0     0.674307
      21000.0     0.613066
      22000.0     0.562614
      23000.0     0.520220
      24000.0     0.485013
      25000.0     0.455170
      26000.0     0.429729
      27000.0     0.407715
      28000.0     0.388697
      29000.0     0.372266
      30000.0     0.357770
      31000.0     0.345106
      32000.0     0.333912
      33000.0     0.323991
      34000.0     0.315090
      35000.0     0.307141
      36000.0     0.299926
      37000.0     0.293474
      38000.0     0.287566
      39000.0     0.282263
      40000.0     0.277321
      41000.0     0.272870
      42000.0     0.268733
      43000.0     0.264938
      44000.0     0.261414
      45000.0     0.258135
      46000.0     0.255072
      47000.0     0.252232
      48000.0     0.249571
      49000.0     0.247097
      50000.0     0.244731
      51000.0     0.242501
      52000.0     0.240431
      53000.0     0.238468
      54000.0     0.236582
      55000.0     0.234784
      56000.0     0.233089
      57000.0     0.231476
      58000.0     0.229929
      59000.0     0.228436
      60000.0     0.227020
      61000.0     0.225650
      62000.0     0.224345
      63000.0     0.223083
      64000.0     0.221847
      65000.0     0.220674
      66000.0     0.219539
      67000.0     0.218443
      68000.0     0.217391
      69000.0     0.216365
      70000.0     0.215356
      71000.0     0.214369
      72000.0     0.213411
      73000.0     0.212502
      74000.0     0.211605
      75000.0     0.210721
      76000.0     0.209865
      77000.0     0.209029
      78000.0     0.208210
      79000.0     0.207421
      80000.0     0.206627
      81000.0     0.205882
      82000.0     0.205119
      83000.0     0.204375
      84000.0     0.203653
      85000.0     0.202953
      86000.0     0.202263
      87000.0     0.201597
      88000.0     0.200928
      89000.0     0.200256
      90000.0     0.199604
      91000.0     0.198958
      92000.0     0.198346
      93000.0     0.197731
      94000.0     0.197113
      95000.0     0.196508
      96000.0     0.195919
      97000.0     0.195340
      98000.0     0.194768
      99000.0     0.194202
      100000.     0.193638
      101000.     0.193064
      102000.     0.192502
      103000.     0.191968
      104000.     0.191437
      105000.     0.190929
      106000.     0.190423
      107000.     0.189900
      108000.     0.189374
      109000.     0.188885
      110000.     0.188407
      111000.     0.187914
      112000.     0.187413
      113000.     0.186922
      114000.     0.186444
      115000.     0.185971
      116000.     0.185513
      117000.     0.185055
      118000.     0.184583
      119000.     0.184111
      120000.     0.183670
      121000.     0.183237
      122000.     0.182809
      123000.     0.182388
      124000.     0.181968
      125000.     0.181532
      126000.     0.181097
      127000.     0.180667
      128000.     0.180240
      129000.     0.179818
      130000.     0.179416
      131000.     0.179014
      132000.     0.178606
      133000.     0.178194
      134000.     0.177786
      135000.     0.177417
      136000.     0.177049
      137000.     0.176669
      138000.     0.176273
      139000.     0.175876
      140000.     0.175492
      141000.     0.175110
      142000.     0.174729
      143000.     0.174359
      144000.     0.173989
      145000.     0.173620
      146000.     0.173252
      147000.     0.172883
      148000.     0.172526
      149000.     0.172181
      150000.     0.171835