     1000.00      1704.55
      2000.00      233.288
      3000.00      69.6625
      4000.00      29.1776
      5000.00      14.7875
      6000.00      8.48729
      7000.00      5.33019
      8000.00      3.57726
      9000.00      2.53658
      10000.0      1.87866
      11000.0      1.44680
      12000.0      1.14875
      13000.0     0.937825
      14000.0     0.785475
      15000.0     0.670791
      16000.0     0.584630
      17000.0     0.517518
      18000.0     0.464906
      19000.0     0.422603
      20000.0     0.388397
      21000.0     0.360661
      22000.0     0.337753
      23000.0     0.318445
      24000.0     0.302376
      25000.0     0.288725
      26000.0     0.276981
      27000.0     0.266860
      28000.0     0.258056
      29000.0     0.250342
      30000.0     0.243592
      31000.0     0.237624
      32000.0     0.232322
      33000.0     0.227597
      34000.0     0.223326
      35000.0     0.219479
      36000.0     0.215971
      37000.0     0.212793
      38000.0     0.209873
      39000.0     0.207226
      40000.0     0.204736
      41000.0     0.202471
      42000.0     0.200354
      43000.0     0.198401
      44000.0     0.196561
      45000.0     0.194835
      46000.0     0.193200
      47000.0     0.191680
      48000.0     0.190240
      49000.0     0.188880
      50000.0     0.187564
      51000.0     0.186319
      52000.0     0.185159
      53000.0     0.184045
      54000.0     0.182957
      55000.0     0.181914
      56000.0     0.180925
      57000.0     0.179961
      58000.0     0.179044
      59000.0     0.178140
      60000.0     0.177294
      61000.0     0.176444
      62000.0     0.175644
      63000.0     0.174859
      64000.0     0.174080
      65000.0     0.173342
      66000.0     0.172619
      67000.0     0.171914
      68000.0     0.171242
      69000.0     0.170579
      70000.0     0.169923
      71000.0     0.169275
      72000.0     0.168637
      73000.0     0.168032
      74000.0     0.167435
      75000.0     0.166845
      76000.0     0.166263
      77000.0     0.165691
      78000.0     0.165128
      79000.0     0.164594
      80000.0     0.164048
      81000.0     0.163542
      82000.0     0.163003
      83000.0     0.162477
      84000.0     0.161968
      85000.0     0.161470
      86000.0     0.160979
      87000.0     0.160512
      88000.0     0.160039
      89000.0     0.159559
      90000.0     0.159089
      91000.0     0.158623
      92000.0     0.158180
      93000.0     0.157735
      94000.0     0.157282
      95000.0     0.156842
      96000.0     0.156416
      97000.0     0.155994
      98000.0     0.155575
      99000.0     0.155156
      100000.     0.154736
      101000.     0.154308
      102000.     0.153889
      103000.     0.153493
      104000.     0.153099
      105000.     0.152721
      106000.     0.152346
      107000.     0.151952
      108000.     0.151554
      109000.     0.151185
      110000.     0.150824
      111000.     0.150451
      112000.     0.150072
      113000.     0.149702
      114000.     0.149340
      115000.     0.148983
      116000.     0.148637
      117000.     0.148291
      118000.     0.147929
      119000.     0.147567
      120000.     0.147230
      121000.     0.146898
      122000.     0.146572
      123000.     0.146253
      124000.     0.145934
      125000.     0.145599
      126000.     0.145264
      127000.     0.144931
      128000.     0.144600
      129000.     0.144272
      130000.     0.143963
      131000.     0.143654
      132000.     0.143338
      133000.     0.143016
      134000.     0.142699
      135000.     0.142415
      136000.     0.142132
      137000.     0.141838
      138000.     0.141529
      139000.     0.141220
      140000.     0.140920
      141000.     0.140622
      142000.     0.140325
      143000.     0.140036
      144000.     0.139746
      145000.     0.139457
      146000.     0.139170
      147000.     0.138883
      148000.     0.138606
      149000.     0.138341
      150000.     0.138075
