      1000.00      2162.42
      2000.00      295.947
      3000.00      88.3530
      4000.00      36.9880
      5000.00      18.7304
      6000.00      10.7369
      7000.00      6.73129
      8000.00      4.50729
      9000.00      3.18699
      10000.0      2.35232
      11000.0      1.80448
      12000.0      1.42643
      13000.0      1.15891
      14000.0     0.965718
      15000.0     0.820313
      16000.0     0.711102
      17000.0     0.626055
      18000.0     0.559404
      19000.0     0.505835
      20000.0     0.462540
      21000.0     0.427451
      22000.0     0.398487
      23000.0     0.374093
      24000.0     0.353805
      25000.0     0.336584
      26000.0     0.321784
      27000.0     0.309041
      28000.0     0.297969
      29000.0     0.288280
      30000.0     0.279807
      31000.0     0.272334
      32000.0     0.265696
      33000.0     0.259797
      34000.0     0.254470
      35000.0     0.249679
      36000.0     0.245321
      37000.0     0.241378
      38000.0     0.237765
      39000.0     0.234494
      40000.0     0.231422
      41000.0     0.228636
      42000.0     0.226037
      43000.0     0.223643
      44000.0     0.221396
      45000.0     0.219291
      46000.0     0.217300
      47000.0     0.215453
      48000.0     0.213710
      49000.0     0.212068
      50000.0     0.210476
      51000.0     0.208980
      52000.0     0.207586
      53000.0     0.206251
      54000.0     0.204950
      55000.0     0.203706
      56000.0     0.202528
      57000.0     0.201382
      58000.0     0.200292
      59000.0     0.199222
      60000.0     0.198222
      61000.0     0.197217
      62000.0     0.196276
      63000.0     0.195353
      64000.0     0.194440
      65000.0     0.193575
      66000.0     0.192730
      67000.0     0.191908
      68000.0     0.191125
      69000.0     0.190355
      70000.0     0.189592
      71000.0     0.188838
      72000.0     0.188095
      73000.0     0.187396
      74000.0     0.186709
      75000.0     0.186028
      76000.0     0.185357
      77000.0     0.184696
      78000.0     0.184047
      79000.0     0.183434
      80000.0     0.182807
      81000.0     0.182227
      82000.0     0.181607
      83000.0     0.181004
      84000.0     0.180423
      85000.0     0.179853
      86000.0     0.179293
      87000.0     0.178761
      88000.0     0.178221
      89000.0     0.177674
      90000.0     0.177136
      91000.0     0.176603
      92000.0     0.176102
      93000.0     0.175596
      94000.0     0.175079
      95000.0     0.174578
      96000.0     0.174096
      97000.0     0.173618
      98000.0     0.173143
      99000.0     0.172668
      100000.     0.172191
      101000.     0.171706
      102000.     0.171233
      103000.     0.170784
      104000.     0.170338
      105000.     0.169911
      106000.     0.169486
      107000.     0.169042
      108000.     0.168594
      109000.     0.168178
      110000.     0.167770
      111000.     0.167350
      112000.     0.166923
      113000.     0.166505
      114000.     0.166098
      115000.     0.165695
      116000.     0.165305
      117000.     0.164915
      118000.     0.164507
      119000.     0.164099
      120000.     0.163718
      121000.     0.163345
      122000.     0.162978
      123000.     0.162623
      124000.     0.162267
      125000.     0.161891
      126000.     0.161515
      127000.     0.161141
      128000.     0.160767
      129000.     0.160398
      130000.     0.160051
      131000.     0.159704
      132000.     0.159349
      133000.     0.158988
      134000.     0.158632
      135000.     0.158316
      136000.     0.158000
      137000.     0.157671
      138000.     0.157324
      139000.     0.156977
      140000.     0.156641
      141000.     0.156306
      142000.     0.155973
      143000.     0.155649
      144000.     0.155325
      145000.     0.155002
      146000.     0.154680
      147000.     0.154357
      148000.     0.154048
      149000.     0.153752
      150000.     0.153456
