1000	5030.5
2000	797.337
3000	2771.05
4000	1312.05
5000	721.919
6000	438.127
7000	285.365
8000	195.894
9000	140.304
10000	103.759
11000	78.9581
12000	61.3586
13000	48.6426
14000	39.2614
15000	32.0879
16000	26.6168
17000	22.3035
18000	18.8847
19000	16.1336
20000	13.8863
21000	12.0571
22000	10.543
23000	9.26836
24000	8.20481
25000	7.30788
26000	6.53521
27000	5.87267
28000	5.30198
29000	4.80585
30000	4.3735
31000	3.99739
32000	3.66549
33000	3.37313
34000	3.11348
35000	2.88351
36000	2.6762
37000	2.4931
38000	2.32657
39000	2.17902
40000	2.04369
41000	1.923
42000	1.81215
43000	1.71206
44000	1.62063
45000	1.53672
46000	1.46003
47000	1.38962
48000	1.32467
49000	1.26543
50000	1.21058
51000	1.16007
52000	1.11342
53000	1.06966
54000	1.02952
55000	0.991861
56000	0.956618
57000	0.924365
58000	0.894214
59000	0.865779
60000	0.838934
61000	0.814117
62000	0.790574
63000	0.768503
64000	0.747959
65000	0.728462
66000	0.710147
67000	0.692919
68000	0.676598
69000	0.661098
70000	0.646518
71000	0.632677
72000	0.619437
73000	0.606971
74000	0.59512
75000	0.583836
76000	0.573185
77000	0.563032
78000	0.55326
79000	0.544053
80000	0.535316
81000	0.526749
82000	0.51868
83000	0.510991
84000	0.503747
85000	0.496653
86000	0.489695
87000	0.483176
88000	0.47698
89000	0.471069
90000	0.465451
91000	0.459904
92000	0.454444
93000	0.449197
94000	0.444472
95000	0.439796
96000	0.435173
97000	0.430727
98000	0.426384
99000	0.4223
100000	0.418301
101000	0.414413
102000	0.410526
103000	0.406988
104000	0.403489
105000	0.40014
106000	0.396808
107000	0.393654
108000	0.390544
109000	0.387632
110000	0.384769
111000	0.381924
112000	0.379092
113000	0.376386
114000	0.373806
115000	0.371285
116000	0.368902
117000	0.366519
118000	0.364133
119000	0.361748
120000	0.359599
121000	0.357509
122000	0.355446
123000	0.353421
124000	0.351396
125000	0.349452
126000	0.347509
127000	0.345604
128000	0.343725
129000	0.341887
130000	0.340212
131000	0.338537
132000	0.33686
133000	0.33518
134000	0.333519
135000	0.332022
136000	0.330524
137000	0.329028
138000	0.327532
139000	0.326037
140000	0.324609
141000	0.323198
142000	0.321798
143000	0.320493
144000	0.319188
145000	0.317891
146000	0.316614
147000	0.315336
148000	0.314107
149000	0.312925
150000	0.311743
