1000	3658.09
2000	6469.85
3000	2279.69
4000	1055.16
5000	571.046
6000	342.478
7000	221.196
8000	150.73
9000	107.292
10000	78.9372
11000	59.831
12000	46.3535
13000	36.6405
14000	29.5099
15000	24.0808
16000	19.9514
17000	16.7044
18000	14.1379
19000	12.0755
20000	10.4017
21000	9.03586
22000	7.91085
23000	6.96124
24000	6.17881
25000	5.51343
26000	4.94148
27000	4.45246
28000	4.03104
29000	3.66459
30000	3.34634
31000	3.06918
32000	2.82532
33000	2.61028
34000	2.41923
35000	2.25018
36000	2.09773
37000	1.96361
38000	1.8413
39000	1.73292
40000	1.6332
41000	1.54488
42000	1.46359
43000	1.39003
44000	1.32281
45000	1.26126
46000	1.2049
47000	1.15316
48000	1.10568
49000	1.06231
50000	1.02169
51000	0.984387
52000	0.95017
53000	0.917895
54000	0.888265
55000	0.860288
56000	0.834607
57000	0.810487
58000	0.787954
59000	0.766929
60000	0.746906
61000	0.728912
62000	0.711471
63000	0.69502
64000	0.679585
65000	0.665019
66000	0.651279
67000	0.638328
68000	0.626124
69000	0.614474
70000	0.603431
71000	0.592996
72000	0.583221
73000	0.573639
74000	0.564717
75000	0.5564
76000	0.548187
77000	0.540317
78000	0.532747
79000	0.525845
80000	0.519087
81000	0.512778
82000	0.506493
83000	0.500488
84000	0.494809
85000	0.489402
86000	0.484103
87000	0.479047
88000	0.474178
89000	0.469474
90000	0.465022
91000	0.460645
92000	0.456519
93000	0.452461
94000	0.448569
95000	0.444795
96000	0.441149
97000	0.437624
98000	0.434169
99000	0.430886
100000	0.42766
101000	0.424607
102000	0.421478
103000	0.41858
104000	0.415707
105000	0.413064
106000	0.410447
107000	0.407806
108000	0.405158
109000	0.402775
110000	0.400459
111000	0.398133
112000	0.395802
113000	0.393557
114000	0.3914
115000	0.38929
116000	0.387292
117000	0.385294
118000	0.383295
119000	0.381297
120000	0.379465
121000	0.377675
122000	0.375909
123000	0.374182
124000	0.372454
125000	0.370788
126000	0.369123
127000	0.367483
128000	0.365859
129000	0.364268
130000	0.362808
131000	0.361347
132000	0.359888
133000	0.358429
134000	0.356983
135000	0.35565
136000	0.354318
137000	0.352988
138000	0.351663
139000	0.350337
140000	0.349065
141000	0.347807
142000	0.346556
143000	0.345379
144000	0.344201
145000	0.343029
146000	0.341869
147000	0.340709
148000	0.3396
149000	0.338541
150000	0.337482
	
	
	
	
	
	
	
	
	
	
	
	
	
	
	
	
	
	
	
	
	
	
	
	
	
	
	
	
	
	
	
	
	
	
	
	
	
	
	
	
	
	
	
	
	
