1000    435334.803999
2000    65609.201300
3000    21379.946648
4000    9495.617228
5000    4913.668214
6000    2855.289793
7000    1803.210926
8000    1210.094893
9000    853.110078
10000    624.798849
11000    473.089423
12000    367.662892
13000    292.634542
14000    238.106435
15000    197.042900
16000    166.068366
17000    141.859023
18000    122.828971
19000    107.638002
20000    95.312373
21000    85.316555
22000    77.082572
23000    70.169670
24000    64.431013
25000    59.568513
26000    55.437061
27000    51.856522
28000    48.772324
29000    46.123670
30000    43.779647
31000    41.742196
32000    39.947297
33000    38.358671
34000    36.940444
35000    35.680019
36000    34.537821
37000    33.524885
38000    32.597737
39000    31.771326
40000    31.005341
41000    30.319454
42000    29.683994
43000    29.103209
44000    28.568525
45000    28.073781
46000    27.616418
47000    27.192729
48000    26.798094
49000    26.435151
50000    26.092310
51000    25.769188
52000    25.470141
53000    25.188822
54000    24.922386
55000    24.669132
56000    24.431322
57000    24.209555
58000    23.996023
59000    23.793142
60000    23.598312
61000    23.416285
62000    23.240470
63000    23.072909
64000    22.910526
65000    22.756175
66000    22.608549
67000    22.466705
68000    22.329873
69000    22.198017
70000    22.069494
71000    21.945057
72000    21.826119
73000    21.712110
74000    21.600013
75000    21.489841
76000    21.385391
77000    21.284262
78000    21.185427
79000    21.088470
80000    20.992790
81000    20.901538
82000    20.812662
83000    20.725543
84000    20.640465
85000    20.559052
86000    20.478545
87000    20.399398
88000    20.321152
89000    20.243661
90000    20.169286
91000    20.095851
92000    20.025385
93000    19.955322
94000    19.886257
95000    19.817991
96000    19.750458
97000    19.684908
98000    19.620374
99000    19.557737
100000    19.495680
101000    19.432960
102000    19.370719
103000    19.311688
104000    19.253030
105000    19.196989
106000    19.141324
107000    19.084415
108000    19.027316
109000    18.974405
110000    18.922471
111000    18.869222
112000    18.814925
113000    18.761995
114000    18.710239
115000    18.659244
116000    18.609890
117000    18.560467
118000    18.510412
119000    18.460339
120000    18.413675
121000    18.367809
122000    18.321951
123000    18.276139
124000    18.230328
125000    18.184241
126000    18.138230
127000    18.093181
128000    18.048864
129000    18.004898
130000    17.962497
131000    17.920156
132000    17.877531
133000    17.834819
134000    17.792349
135000    17.752995
136000    17.713636
137000    17.673611
138000    17.632581
139000    17.591539
140000    17.551722
141000    17.512228
142000    17.472897
143000    17.434583
144000    17.396264
145000    17.358053
146000    17.320018
147000    17.282061
148000    17.244671
149000    17.207870
150000    17.171126
