      1000.00      5445.68
      2000.00      1113.77
      3000.00      350.808
      4000.00      151.446
      5000.00      78.2507
      6000.00      45.4223
      7000.00      28.6497
      8000.00      19.1972
      9000.00      13.5171
      10000.0      9.88504
      11000.0      7.47721
      12000.0      5.80338
      13000.0      4.61290
      14000.0      3.74884
      15000.0      3.09773
      16000.0      2.60690
      17000.0      2.22331
      18000.0      1.92199
      19000.0      1.68156
      20000.0      1.48648
      21000.0      1.32853
      22000.0      1.19824
      23000.0      1.08900
      24000.0     0.998369
      25000.0     0.921594
      26000.0     0.856062
      27000.0     0.799705
      28000.0     0.751105
      29000.0     0.709002
      30000.0     0.672186
      31000.0     0.640040
      32000.0     0.611742
      33000.0     0.586661
      34000.0     0.564343
      35000.0     0.544440
      36000.0     0.526484
      37000.0     0.510503
      38000.0     0.495936
      39000.0     0.482909
      40000.0     0.470846
      41000.0     0.460039
      42000.0     0.450063
      43000.0     0.440978
      44000.0     0.432576
      45000.0     0.424798
      46000.0     0.417627
      47000.0     0.410971
      48000.0     0.404790
      49000.0     0.399096
      50000.0     0.393681
      51000.0     0.388658
      52000.0     0.384014
      53000.0     0.379585
      54000.0     0.375443
      55000.0     0.371476
      56000.0     0.367783
      57000.0     0.364286
      58000.0     0.360970
      59000.0     0.357807
      60000.0     0.354791
      61000.0     0.351929
      62000.0     0.349202
      63000.0     0.346606
      64000.0     0.344093
      65000.0     0.341702
      66000.0     0.339401
      67000.0     0.337192
      68000.0     0.335086
      69000.0     0.333056
      70000.0     0.331078
      71000.0     0.329155
      72000.0     0.327298
      73000.0     0.325542
      74000.0     0.323831
      75000.0     0.322157
      76000.0     0.320542
      77000.0     0.318974
      78000.0     0.317441
      79000.0     0.315968
      80000.0     0.314512
      81000.0     0.313107
      82000.0     0.311742
      83000.0     0.310404
      84000.0     0.309096
      85000.0     0.307834
      86000.0     0.306592
      87000.0     0.305395
      88000.0     0.304208
      89000.0     0.303029
      90000.0     0.301886
      91000.0     0.300755
      92000.0     0.299674
      93000.0     0.298601
      94000.0     0.297542
      95000.0     0.296501
      96000.0     0.295477
      97000.0     0.294478
      98000.0     0.293493
      99000.0     0.292531
      100000.     0.291576
      101000.     0.290646
      102000.     0.289696
      103000.     0.288791
      104000.     0.287892
      105000.     0.287044
      106000.     0.286202
      107000.     0.285337
      108000.     0.284466
      109000.     0.283661
      110000.     0.282872
      111000.     0.282063
      112000.     0.281239
      113000.     0.280437
      114000.     0.279657
      115000.     0.278887
      116000.     0.278143
      117000.     0.277399
      118000.     0.276640
      119000.     0.275880
      120000.     0.275168
      121000.     0.274467
      122000.     0.273775
      123000.     0.273096
      124000.     0.272416
      125000.     0.271720
      126000.     0.271023
      127000.     0.270338
      128000.     0.269659
      129000.     0.268990
      130000.     0.268358
      131000.     0.267727
      132000.     0.267084
      133000.     0.266434
      134000.     0.265790
      135000.     0.265195
      136000.     0.264600
      137000.     0.263995
      138000.     0.263375
      139000.     0.262754
      140000.     0.262153
      141000.     0.261555
      142000.     0.260960
      143000.     0.260386
      144000.     0.259812
      145000.     0.259238
      146000.     0.258666
      147000.     0.258095
      148000.     0.257539
      149000.     0.257001
      150000.     0.256462
