      1000.00      5990.55
      2000.00      870.551
      3000.00      266.997
      4000.00      113.424
      5000.00      57.9677
      6000.00      33.3866
      7000.00      20.9496
      8000.00      13.9948
      9000.00      9.84077
      10000.0      7.19949
      11000.0      5.45539
      12000.0      4.24810
      13000.0      3.39218
      14000.0      2.77242
      15000.0      2.30658
      16000.0      1.95615
      17000.0      1.68299
      18000.0      1.46867
      19000.0      1.29752
      20000.0      1.15888
      21000.0      1.04669
      22000.0     0.954160
      23000.0     0.876644
      24000.0     0.812252
      25000.0     0.757625
      26000.0     0.711089
      27000.0     0.670942
      28000.0     0.636307
      29000.0     0.606335
      30000.0     0.580001
      31000.0     0.557004
      32000.0     0.536711
      33000.0     0.518736
      34000.0     0.502655
      35000.0     0.488313
      36000.0     0.475314
      37000.0     0.463722
      38000.0     0.453123
      39000.0     0.443611
      40000.0     0.434804
      41000.0     0.426862
      42000.0     0.419507
      43000.0     0.412762
      44000.0     0.406518
      45000.0     0.400738
      46000.0     0.395342
      47000.0     0.390353
      48000.0     0.385695
      49000.0     0.381369
      50000.0     0.377243
      51000.0     0.373394
      52000.0     0.369798
      53000.0     0.366381
      54000.0     0.363160
      55000.0     0.360056
      56000.0     0.357165
      57000.0     0.354404
      58000.0     0.351772
      59000.0     0.349250
      60000.0     0.346840
      61000.0     0.344532
      62000.0     0.342330
      63000.0     0.340228
      64000.0     0.338172
      65000.0     0.336211
      66000.0     0.334314
      67000.0     0.332485
      68000.0     0.330743
      69000.0     0.329042
      70000.0     0.327381
      71000.0     0.325761
      72000.0     0.324185
      73000.0     0.322692
      74000.0     0.321231
      75000.0     0.319797
      76000.0     0.318407
      77000.0     0.317048
      78000.0     0.315715
      79000.0     0.314433
      80000.0     0.313161
      81000.0     0.311930
      82000.0     0.310724
      83000.0     0.309539
      84000.0     0.308381
      85000.0     0.307257
      86000.0     0.306148
      87000.0     0.305080
      88000.0     0.304014
      89000.0     0.302951
      90000.0     0.301917
      91000.0     0.300893
      92000.0     0.299911
      93000.0     0.298934
      94000.0     0.297967
      95000.0     0.297010
      96000.0     0.296066
      97000.0     0.295147
      98000.0     0.294242
      99000.0     0.293353
      100000.     0.292469
      101000.     0.291601
      102000.     0.290715
      103000.     0.289871
      104000.     0.289031
      105000.     0.288238
      106000.     0.287451
      107000.     0.286639
      108000.     0.285821
      109000.     0.285063
      110000.     0.284319
      111000.     0.283554
      112000.     0.282775
      113000.     0.282014
      114000.     0.281271
      115000.     0.280537
      116000.     0.279826
      117000.     0.279114
      118000.     0.278392
      119000.     0.277670
      120000.     0.276987
      121000.     0.276314
      122000.     0.275650
      123000.     0.275001
      124000.     0.274352
      125000.     0.273677
      126000.     0.273003
      127000.     0.272341
      128000.     0.271687
      129000.     0.271042
      130000.     0.270430
      131000.     0.269817
      132000.     0.269195
      133000.     0.268567
      134000.     0.267943
      135000.     0.267364
      136000.     0.266784
      137000.     0.266194
      138000.     0.265590
      139000.     0.264986
      140000.     0.264399
      141000.     0.263817
      142000.     0.263237
      143000.     0.262675
      144000.     0.262113
      145000.     0.261551
      146000.     0.260989
      147000.     0.260428
      148000.     0.259883
      149000.     0.259354
      150000.     0.258825