      1000.00      71057.7
      2000.00      75672.6
      3000.00      36711.0
      4000.00      18459.8
      5000.00      10677.6
      6000.00      6783.35
      7000.00      4601.61
      8000.00      3291.16
      9000.00      2441.55
      10000.0      1870.01
      11000.0      3703.31
      12000.0      4065.59
      13000.0      3837.52
      14000.0      3188.74
      15000.0      2680.47
      16000.0      2267.53
      17000.0      1936.21
      18000.0      1668.81
      19000.0      1450.06
      20000.0      1268.16
      21000.0      1115.67
      22000.0      987.564
      23000.0      877.769
      24000.0      785.686
      25000.0      706.468
      26000.0      637.639
      27000.0      577.594
      28000.0      525.241
      29000.0      479.197
      30000.0      438.674
      31000.0      402.298
      32000.0      370.024
      33000.0      341.204
      34000.0      315.382
      35000.0      292.291
      36000.0      271.324
      37000.0      252.626
      38000.0      235.462
      39000.0      220.082
      40000.0      205.903
      41000.0      193.015
      42000.0      181.140
      43000.0      170.296
      44000.0      160.355
      45000.0      151.159
      46000.0      142.694
      47000.0      134.880
      48000.0      127.697
      49000.0      121.010
      50000.0      114.868
      51000.0      109.058
      52000.0      103.727
      53000.0      98.7079
      54000.0      94.0530
      55000.0      89.6681
      56000.0      85.5324
      57000.0      81.7847
      58000.0      78.2053
      59000.0      74.8624
      60000.0      71.6266
      61000.0      68.7052
      62000.0      65.9129
      63000.0      63.2583
      64000.0      60.7604
      65000.0      58.4090
      66000.0      56.1880
      67000.0      54.0847
      68000.0      52.0868
      69000.0      50.2175
      70000.0      213.067
      71000.0      205.309
      72000.0      197.888
      73000.0      190.989
      74000.0      184.363
      75000.0      177.988
      76000.0      172.013
      77000.0      166.319
      78000.0      160.841
      79000.0      155.684
      80000.0      150.713
      81000.0      146.002
      82000.0      141.549
      83000.0      137.229
      84000.0      133.067
      85000.0      129.186
      86000.0      125.402
      87000.0      121.806
      88000.0      118.332
      89000.0      114.968
      90000.0      111.785
      91000.0      108.659
      92000.0      105.746
      93000.0      102.888
      94000.0      100.164
      95000.0      97.5336
      96000.0      95.0049
      97000.0      92.5439
      98000.0      90.1228
      99000.0      87.8648
      100000.      85.6612
      101000.      83.5516
      102000.      81.3889
      103000.      79.4088
      104000.      77.4491
      105000.      75.6816
      106000.      73.9356
      107000.      72.1703
      108000.      70.4002
      109000.      68.8048
      110000.      67.2531
      111000.      65.7112
      112000.      64.1759
      113000.      62.7157
      114000.      61.3306
      115000.      59.9809
      116000.      58.7138
      117000.      57.4467
      118000.      56.1852
      119000.      54.9237
      120000.      53.7906
      121000.      52.6895
      122000.      51.6095
      123000.      50.5612
      124000.      49.5128
      125000.      48.5171
      126000.      47.5214
      127000.      46.5557
      128000.      45.6101
      129000.      44.6873
      130000.      43.8557
      131000.      43.0241
      132000.      42.1984
      133000.      41.3765
      134000.      40.5648
      135000.      39.8436
      136000.      39.1225
      137000.      38.4038
      138000.      37.6890
      139000.      36.9741
      140000.      36.3085
      141000.      35.6553
      142000.      35.0077
      143000.      34.4117
      144000.      33.8156
      145000.      33.2277
      146000.      32.6587
      147000.      32.0897
      148000.      31.5473
      149000.      31.0315
      150000.      30.5156