      1000.00      4.34347
      2000.00     0.636163
      3000.00     0.195744
      4000.00    0.0938620
      5000.00    0.0485456
      6000.00    0.0282113
      7000.00    0.0178199
      8000.00    0.0119562
      9000.00   0.00842948
      10000.0   0.00617260
      11000.0   0.00467459
      12000.0   0.00363231
      13000.0   0.00289050
      14000.0   0.00235146
      15000.0   0.00194520
      16000.0   0.00163849
      17000.0   0.00139893
      18000.0   0.00121052
      19000.0   0.00105997
      20000.0  0.000937747
      21000.0  0.000838778
      22000.0  0.000757007
      23000.0  0.000688544
      24000.0  0.000631644
      25000.0  0.000583305
      26000.0  0.000542101
      27000.0  0.000506656
      28000.0  0.000476092
      29000.0  0.000449562
      30000.0  0.000426373
      31000.0  0.000406135
      32000.0  0.000388293
      33000.0  0.000372510
      34000.0  0.000358429
      35000.0  0.000345882
      36000.0  0.000334529
      37000.0  0.000324458
      38000.0  0.000315246
      39000.0  0.000307000
      40000.0  0.000299415
      41000.0  0.000292573
      42000.0  0.000286266
      43000.0  0.000280492
      44000.0  0.000275167
      45000.0  0.000270266
      46000.0  0.000265708
      47000.0  0.000261504
      48000.0  0.000257596
      49000.0  0.000253979
      50000.0  0.000250553
      51000.0  0.000247385
      52000.0  0.000244413
      53000.0  0.000241591
      54000.0  0.000238982
      55000.0  0.000236450
      56000.0  0.000234119
      57000.0  0.000231893
      58000.0  0.000229790
      59000.0  0.000227790
      60000.0  0.000225866
      61000.0  0.000224054
      62000.0  0.000222317
      63000.0  0.000220684
      64000.0  0.000219095
      65000.0  0.000217576
      66000.0  0.000216107
      67000.0  0.000214696
      68000.0  0.000213363
      69000.0  0.000212067
      70000.0  0.000210813
      71000.0  0.000209595
      72000.0  0.000208412
      73000.0  0.000207290
      74000.0  0.000206203
      75000.0  0.000205146
      76000.0  0.000204122
      77000.0  0.000203122
      78000.0  0.000202142
      79000.0  0.000201200
      80000.0  0.000200285
      81000.0  0.000199368
      82000.0  0.000198514
      83000.0  0.000197670
      84000.0  0.000196837
      85000.0  0.000196030
      86000.0  0.000195234
      87000.0  0.000194468
      88000.0  0.000193714
      89000.0  0.000192968
      90000.0  0.000192244
      91000.0  0.000191526
      92000.0  0.000190827
      93000.0  0.000190139
      94000.0  0.000189476
      95000.0  0.000188811
      96000.0  0.000188144
      97000.0  0.000187501
      98000.0  0.000186873
      99000.0  0.000186261
      100000.  0.000185653
      101000.  0.000185087
      102000.  0.000184474
      103000.  0.000183891
      104000.  0.000183310
      105000.  0.000182773
      106000.  0.000182240
      107000.  0.000181692
      108000.  0.000181140
      109000.  0.000180629
      110000.  0.000180129
      111000.  0.000179614
      112000.  0.000179089
      113000.  0.000178578
      114000.  0.000178079
      115000.  0.000177588
      116000.  0.000177112
      117000.  0.000176636
      118000.  0.000176162
      119000.  0.000175688
      120000.  0.000175233
      121000.  0.000174783
      122000.  0.000174339
      123000.  0.000173907
      124000.  0.000173474
      125000.  0.000173026
      126000.  0.000172577
      127000.  0.000172141
      128000.  0.000171714
      129000.  0.000171293
      130000.  0.000170896
      131000.  0.000170499
      132000.  0.000170094
      133000.  0.000169685
      134000.  0.000169278
      135000.  0.000168886
      136000.  0.000168493
      137000.  0.000168101
      138000.  0.000167709
      139000.  0.000167317
      140000.  0.000166937
      141000.  0.000166560
      142000.  0.000166185
      143000.  0.000165822
      144000.  0.000165459
      145000.  0.000165096
      146000.  0.000164733
      147000.  0.000164370
      148000.  0.000164017
      149000.  0.000163672
      150000.  0.000163328