      1000.00      65828.2
      2000.00      17676.6
      3000.00      6681.90
      4000.00      3260.81
      5000.00      1857.41
      6000.00      3327.84
      7000.00      3531.56
      8000.00      2530.56
      9000.00      1859.85
      10000.0      1411.56
      11000.0      1097.94
      12000.0      871.785
      13000.0      705.362
      14000.0      580.942
      15000.0      484.314
      16000.0      407.797
      17000.0      346.648
      18000.0      297.554
      19000.0      257.619
      20000.0      224.585
      21000.0      196.941
      22000.0      173.785
      23000.0      154.095
      24000.0      137.535
      25000.0      123.357
      26000.0      111.065
      27000.0      100.425
      28000.0      91.1416
      29000.0      83.0117
      30000.0      75.8525
      31000.0      69.4786
      32000.0      63.8420
      33000.0      58.8081
      34000.0      54.3028
      35000.0      50.2904
      36000.0      46.6423
      37000.0      43.4082
      38000.0      40.4453
      39000.0      37.7893
      40000.0      35.3473
      41000.0      172.471
      42000.0      162.019
      43000.0      152.446
      44000.0      143.651
      45000.0      135.498
      46000.0      128.002
      47000.0      121.037
      48000.0      114.579
      49000.0      108.626
      50000.0      103.070
      51000.0      97.9048
      52000.0      93.1066
      53000.0      88.5942
      54000.0      84.4123
      55000.0      80.4532
      56000.0      76.7221
      57000.0      73.2953
      58000.0      70.0442
      59000.0      66.9754
      60000.0      64.0507
      61000.0      61.3574
      62000.0      58.7832
      63000.0      56.3377
      64000.0      54.0633
      65000.0      51.8965
      66000.0      49.8338
      67000.0      47.8775
      68000.0      46.0312
      69000.0      44.2992
      70000.0      42.6422
      71000.0      41.0538
      72000.0      39.5334
      73000.0      38.1392
      74000.0      36.7906
      75000.0      35.4831
      76000.0      34.2656
      77000.0      33.1043
      78000.0      31.9862
      79000.0      30.9318
      80000.0      29.8981
      81000.0      28.9229
      82000.0      28.0102
      83000.0      27.1235
      84000.0      26.2674
      85000.0      25.4664
      86000.0      24.6848
      87000.0      23.9415
      88000.0      23.2272
      89000.0      22.5387
      90000.0      21.8905
      91000.0      21.2541
      92000.0      20.6582
      93000.0      20.0736
      94000.0      19.5165
      95000.0      18.9789
      96000.0      18.4622
      97000.0      17.9674
      98000.0      17.4853
      99000.0      17.0276
      100000.      16.5780
      101000.      16.1604
      102000.      15.7294
      103000.      15.3375
      104000.      14.9499
      105000.      14.5964
      106000.      14.2468
      107000.      13.8971
      108000.      13.5474
      109000.      13.2369
      110000.      12.9362
      111000.      12.6370
      112000.      12.3386
      113000.      12.0537
      114000.      11.7821
      115000.      11.5183
      116000.      11.2725
      117000.      11.0267
      118000.      10.7830
      119000.      10.5393
      120000.      10.3206
      121000.      10.1081
      122000.      9.90046
      123000.      9.70012
      124000.      9.49978
      125000.      9.30915
      126000.      9.11853
      127000.      8.93373
      128000.      8.75282
      129000.      8.57625
      130000.      8.41710
      131000.      8.25795
      132000.      8.10057
      133000.      7.94438
      134000.      7.79010
      135000.      7.65303
      136000.      7.51596
      137000.      7.37993
      138000.      7.24543
      139000.      7.11094
      140000.      6.98475
      141000.      6.86063
      142000.      6.73768
      143000.      6.62529
      144000.      6.51289
      145000.      6.40205
      146000.      6.29485
      147000.      6.18766
      148000.      6.08569
      149000.      5.98894
      150000.      5.89220