      1000.00      94762.2
      2000.00      19300.6
      3000.00      6709.77
      4000.00      3112.04
      5000.00      1701.64
      6000.00      1035.93
      7000.00      678.693
      8000.00      470.839
      9000.00      2481.09
      10000.0      1935.15
      11000.0      1527.29
      12000.0      1216.09
      13000.0      980.228
      14000.0      801.767
      15000.0      663.505
      16000.0      557.025
      17000.0      472.228
      18000.0      404.321
      19000.0      348.827
      20000.0      302.882
      21000.0      264.815
      22000.0      232.963
      23000.0      205.673
      24000.0      182.795
      25000.0      163.186
      26000.0      146.251
      27000.0      131.534
      28000.0      118.750
      29000.0      107.605
      30000.0      97.8190
      31000.0      89.1834
      32000.0      81.5750
      33000.0      74.8165
      34000.0      68.7834
      35000.0      63.4178
      36000.0      58.5541
      37000.0      54.2415
      38000.0      50.3028
      39000.0      46.7901
      40000.0      43.5600
      41000.0      40.6721
      42000.0      38.0067
      43000.0      35.5964
      44000.0      33.3877
      45000.0      31.3534
      46000.0      29.4925
      47000.0      27.7748
      48000.0      26.1979
      49000.0      24.7512
      50000.0      23.4103
      51000.0      22.1703
      52000.0      21.0253
      53000.0      19.9533
      54000.0      18.9699
      55000.0      18.0351
      56000.0      17.1780
      57000.0      16.3811
      58000.0      15.6313
      59000.0      14.9316
      60000.0      14.2738
      61000.0      13.6601
      62000.0      13.0816
      63000.0      12.5368
      64000.0      12.0328
      65000.0      11.5525
      66000.0      11.1027
      67000.0      10.6783
      68000.0      10.2700
      69000.0      9.89931
      70000.0      9.54094
      71000.0      9.19871
      72000.0      8.87875
      73000.0      8.57577
      74000.0      8.28714
      75000.0      8.01205
      76000.0      7.75382
      77000.0      7.50829
      78000.0      7.27245
      79000.0      7.05067
      80000.0      6.83629
      81000.0      6.63406
      82000.0      6.44448
      83000.0      6.26059
      84000.0      6.08338
      85000.0      5.91769
      86000.0      5.75627
      87000.0      5.60373
      88000.0      5.45730
      89000.0      5.31627
      90000.0      5.18386
      91000.0      5.05399
      92000.0      4.93282
      93000.0      4.81401
      94000.0      4.70095
      95000.0      4.59215
      96000.0      4.48796
      97000.0      4.38794
      98000.0      4.29038
      99000.0      4.19831
      100000.      4.10806
      101000.      4.02462
      102000.      3.93837
      103000.      3.85982
      104000.      3.78212
      105000.      3.71140
      106000.      3.64144
      107000.      3.57175
      108000.      3.50212
      109000.      3.44034
      110000.      3.38051
      111000.      3.32092
      112000.      3.26148
      113000.      3.20494
      114000.      3.15129
      115000.      3.09912
      116000.      3.05038
      117000.      3.00165
      118000.      2.95379
      119000.      2.90593
      120000.      2.86268
      121000.      2.82057
      122000.      2.77946
      123000.      2.73984
      124000.      2.70021
      125000.      2.66271
      126000.      2.62521
      127000.      2.58876
      128000.      2.55303
      129000.      2.51817
      130000.      2.48682
      131000.      2.45547
      132000.      2.42438
      133000.      2.39347
      134000.      2.36295
      135000.      2.33591
      136000.      2.30886
      137000.      2.28192
      138000.      2.25514
      139000.      2.22836
      140000.      2.20338
      141000.      2.17885
      142000.      2.15456
      143000.      2.13242
      144000.      2.11028
      145000.      2.08833
      146000.      2.06680
      147000.      2.04526
      148000.      2.02482
      149000.      2.00546
      150000.      1.98610