      1000.00      71407.5
      2000.00      12789.8
      3000.00      4382.77
      4000.00      2018.06
      5000.00      1099.29
      6000.00      666.865
      7000.00      436.894
      8000.00      2402.00
      9000.00      1775.10
      10000.0      1341.70
      11000.0      1040.97
      12000.0      823.156
      13000.0      662.699
      14000.0      542.235
      15000.0      448.702
      16000.0      376.032
      17000.0      317.907
      18000.0      271.253
      19000.0      233.188
      20000.0      201.890
      21000.0      176.081
      22000.0      154.560
      23000.0      136.213
      24000.0      120.849
      25000.0      107.763
      26000.0      96.4462
      27000.0      86.6979
      28000.0      78.1809
      29000.0      70.7582
      30000.0      64.2625
      31000.0      58.5722
      32000.0      53.5424
      33000.0      49.0826
      34000.0      45.1047
      35000.0      41.5705
      36000.0      38.3651
      37000.0      35.5336
      38000.0      32.9440
      39000.0      30.6453
      40000.0      28.5291
      41000.0      26.6325
      42000.0      24.8929
      43000.0      23.3181
      44000.0      21.8747
      45000.0      20.5505
      46000.0      19.3388
      47000.0      18.2235
      48000.0      17.1961
      49000.0      16.2545
      50000.0      15.3833
      51000.0      14.5827
      52000.0      13.8365
      53000.0      13.1468
      54000.0      12.5064
      55000.0      11.9031
      56000.0      11.3486
      57000.0      10.8312
      58000.0      10.3493
      59000.0      9.90113
      60000.0      9.46731
      61000.0      9.07564
      62000.0      8.70317
      63000.0      8.35427
      64000.0      8.02627
      65000.0      7.71782
      66000.0      7.42673
      67000.0      7.15191
      68000.0      6.89246
      69000.0      6.65076
      70000.0      6.41988
      71000.0      6.19982
      72000.0      5.99161
      73000.0      5.79759
      74000.0      5.61223
      75000.0      5.43487
      76000.0      5.26884
      77000.0      5.11081
      78000.0      4.95893
      79000.0      4.81618
      80000.0      4.67857
      81000.0      4.54787
      82000.0      4.42580
      83000.0      4.30757
      84000.0      4.19386
      85000.0      4.08730
      86000.0      3.98336
      87000.0      3.88490
      88000.0      3.79055
      89000.0      3.69985
      90000.0      3.61482
      91000.0      3.53143
      92000.0      3.45334
      93000.0      3.37684
      94000.0      3.30426
      95000.0      3.23419
      96000.0      3.16685
      97000.0      3.10245
      98000.0      3.03978
      99000.0      2.98016
      100000.      2.92156
      101000.      2.86763
      102000.      2.81187
      103000.      2.76129
      104000.      2.71128
      105000.      2.66560
      106000.      2.62039
      107000.      2.57541
      108000.      2.53049
      109000.      2.49069
      110000.      2.45216
      111000.      2.41375
      112000.      2.37541
      113000.      2.33890
      114000.      2.30422
      115000.      2.27045
      116000.      2.23875
      117000.      2.20706
      118000.      2.17586
      119000.      2.14465
      120000.      2.11666
      121000.      2.08946
      122000.      2.06283
      123000.      2.03705
      124000.      2.01127
      125000.      1.98655
      126000.      1.96183
      127000.      1.93817
      128000.      1.91522
      129000.      1.89275
      130000.      1.87221
      131000.      1.85167
      132000.      1.83145
      133000.      1.81145
      134000.      1.79166
      135000.      1.77377
      136000.      1.75587
      137000.      1.73810
      138000.      1.72049
      139000.      1.70289
      140000.      1.68656
      141000.      1.67055
      142000.      1.65469
      143000.      1.64016
      144000.      1.62563
      145000.      1.61119
      146000.      1.59697
      147000.      1.58274
      148000.      1.56935
      149000.      1.55681
      150000.      1.54427
