      1000.00      59548.7
      2000.00      12154.2
      3000.00      4480.97
      4000.00      6858.47
      5000.00      6180.77
      6000.00      3862.52
      7000.00      2585.65
      8000.00      1825.35
      9000.00      1336.09
      10000.0      1010.25
      11000.0      782.380
      12000.0      618.725
      13000.0      499.128
      14000.0      409.542
      15000.0      340.480
      16000.0      286.144
      17000.0      242.849
      18000.0      208.170
      19000.0      179.923
      20000.0      156.649
      21000.0      137.248
      22000.0      121.039
      23000.0      107.237
      24000.0      95.6817
      25000.0      85.7865
      26000.0      77.1993
      27000.0      69.8075
      28000.0      63.3508
      29000.0      57.6779
      30000.0      300.854
      31000.0      279.745
      32000.0      259.515
      33000.0      240.233
      34000.0      222.231
      35000.0      205.610
      36000.0      190.201
      37000.0      176.337
      38000.0      163.590
      39000.0      152.203
      40000.0      141.799
      41000.0      132.578
      42000.0      124.143
      43000.0      116.553
      44000.0      109.607
      45000.0      103.243
      46000.0      97.4025
      47000.0      91.9936
      48000.0      87.0176
      49000.0      82.3945
      50000.0      78.1022
      51000.0      74.0974
      52000.0      70.3880
      53000.0      66.8997
      54000.0      63.6424
      55000.0      60.5818
      56000.0      57.7092
      57000.0      55.0432
      58000.0      52.5400
      59000.0      50.1658
      60000.0      47.9204
      61000.0      45.8686
      62000.0      43.8982
      63000.0      42.0385
      64000.0      40.2923
      65000.0      38.6430
      66000.0      37.0860
      67000.0      35.6131
      68000.0      34.2138
      69000.0      32.9070
      70000.0      31.6573
      71000.0      30.4639
      72000.0      29.3315
      73000.0      28.2727
      74000.0      27.2590
      75000.0      26.2869
      76000.0      25.3738
      77000.0      24.5033
      78000.0      23.6655
      79000.0      22.8761
      80000.0      22.1086
      81000.0      21.3858
      82000.0      20.7057
      83000.0      20.0464
      84000.0      19.4115
      85000.0      18.8146
      86000.0      18.2324
      87000.0      17.6824
      88000.0      17.1530
      89000.0      16.6420
      90000.0      16.1613
      91000.0      15.6897
      92000.0      15.2507
      93000.0      14.8198
      94000.0      14.4085
      95000.0      14.0111
      96000.0      13.6288
      97000.0      13.2640
      98000.0      12.9094
      99000.0      12.5716
      100000.      12.2393
      101000.      11.9312
      102000.      11.6154
      103000.      11.3272
      104000.      11.0421
      105000.      10.7834
      106000.      10.5277
      107000.      10.2722
      108000.      10.0166
      109000.      9.78911
      110000.      9.56860
      111000.      9.34919
      112000.      9.13052
      113000.      8.92187
      114000.      8.72324
      115000.      8.53059
      116000.      8.35186
      117000.      8.17314
      118000.      7.99471
      119000.      7.81628
      120000.      7.65715
      121000.      7.50284
      122000.      7.35163
      123000.      7.20504
      124000.      7.05845
      125000.      6.91958
      126000.      6.78070
      127000.      6.64646
      128000.      6.51530
      129000.      6.38759
      130000.      6.27364
      131000.      6.15969
      132000.      6.04568
      133000.      5.93162
      134000.      5.81909
      135000.      5.72033
      136000.      5.62158
      137000.      5.52301
      138000.      5.42474
      139000.      5.32646
      140000.      5.23548
      141000.      5.14632
      142000.      5.05789
      143000.      4.97589
      144000.      4.89388
      145000.      4.81347
      146000.      4.73676
      147000.      4.66005
      148000.      4.58688
      149000.      4.51726
      150000.      4.44764
