     1000.00      10615.6
      2000.00      1672.10
      3000.00      530.475
      4000.00      229.898
      5000.00      118.989
      6000.00      69.1554
      7000.00      43.5998
      8000.00      29.1869
      9000.00      20.5182
      10000.0      14.9722
      11000.0      11.2954
      12000.0      8.73448
      13000.0      6.91200
      14000.0      5.58922
      15000.0      4.59288
      16000.0      3.84095
      17000.0      3.25408
      18000.0      2.79343
      19000.0      2.42517
      20000.0      2.12728
      21000.0      1.88556
      22000.0      1.68683
      23000.0      1.51984
      24000.0      1.38168
      25000.0      1.26464
      26000.0      1.16464
      27000.0      1.07906
      28000.0      1.00530
      29000.0     0.941076
      30000.0     0.885644
      31000.0     0.836957
      32000.0     0.794028
      33000.0     0.756165
      34000.0     0.722689
      35000.0     0.692746
      36000.0     0.665623
      37000.0     0.641660
      38000.0     0.619838
      39000.0     0.600391
      40000.0     0.582455
      41000.0     0.566415
      42000.0     0.551605
      43000.0     0.538147
      44000.0     0.525775
      45000.0     0.514372
      46000.0     0.503825
      47000.0     0.494109
      48000.0     0.485114
      49000.0     0.476760
      50000.0     0.469011
      51000.0     0.461733
      52000.0     0.455020
      53000.0     0.448631
      54000.0     0.442700
      55000.0     0.437088
      56000.0     0.431839
      57000.0     0.426869
      58000.0     0.422211
      59000.0     0.417764
      60000.0     0.413534
      61000.0     0.409554
      62000.0     0.405764
      63000.0     0.402122
      64000.0     0.398697
      65000.0     0.395406
      66000.0     0.392258
      67000.0     0.389258
      68000.0     0.386407
      69000.0     0.383676
      70000.0     0.381000
      71000.0     0.378404
      72000.0     0.375928
      73000.0     0.373587
      74000.0     0.371321
      75000.0     0.369119
      76000.0     0.366977
      77000.0     0.364915
      78000.0     0.362911
      79000.0     0.360977
      80000.0     0.359117
      81000.0     0.357280
      82000.0     0.355513
      83000.0     0.353795
      84000.0     0.352133
      85000.0     0.350505
      86000.0     0.348897
      87000.0     0.347342
      88000.0     0.345832
      89000.0     0.344360
      90000.0     0.342915
      91000.0     0.341484
      92000.0     0.340145
      93000.0     0.338807
      94000.0     0.337475
      95000.0     0.336178
      96000.0     0.334918
      97000.0     0.333688
      98000.0     0.332476
      99000.0     0.331276
      100000.     0.330080
      101000.     0.328931
      102000.     0.327760
      103000.     0.326665
      104000.     0.325579
      105000.     0.324539
      106000.     0.323504
      107000.     0.322450
      108000.     0.321390
      109000.     0.320407
      110000.     0.319444
      111000.     0.318453
      112000.     0.317444
      113000.     0.316470
      114000.     0.315530
      115000.     0.314610
      116000.     0.313735
      117000.     0.312859
      118000.     0.311944
      119000.     0.311029
      120000.     0.310175
      121000.     0.309336
      122000.     0.308510
      123000.     0.307704
      124000.     0.306898
      125000.     0.306059
      126000.     0.305220
      127000.     0.304408
      128000.     0.303613
      129000.     0.302826
      130000.     0.302072
      131000.     0.301318
      132000.     0.300559
      133000.     0.299796
      134000.     0.299040
      135000.     0.298343
      136000.     0.297646
      137000.     0.296935
      138000.     0.296201
      139000.     0.295467
      140000.     0.294755
      141000.     0.294049
      142000.     0.293347
      143000.     0.292685
      144000.     0.292022
      145000.     0.291360
      146000.     0.290698
      147000.     0.290035
      148000.     0.289391
      149000.     0.288766
      150000.     0.288141
