     1000.00      3932.73
      2000.00      593.092
      3000.00      194.611
      4000.00      86.5092
      5000.00      44.7855
      6000.00      26.0344
      7000.00      16.4470
      8000.00      11.0405
      9000.00      7.78574
      10000.0      5.70364
      11000.0      4.31998
      12000.0      3.35822
      13000.0      2.67368
      14000.0      2.17610
      15000.0      1.80131
      16000.0      1.51856
      17000.0      1.29756
      18000.0      1.12381
      19000.0     0.985089
      20000.0     0.872526
      21000.0     0.781237
      22000.0     0.706025
      23000.0     0.642876
      24000.0     0.590449
      25000.0     0.546027
      26000.0     0.508268
      27000.0     0.475554
      28000.0     0.447371
      29000.0     0.423155
      30000.0     0.401735
      31000.0     0.383111
      32000.0     0.366703
      33000.0     0.352180
      34000.0     0.339213
      35000.0     0.327687
      36000.0     0.317243
      37000.0     0.307979
      38000.0     0.299500
      39000.0     0.291941
      40000.0     0.284934
      41000.0     0.278659
      42000.0     0.272845
      43000.0     0.267532
      44000.0     0.262640
      45000.0     0.258112
      46000.0     0.253926
      47000.0     0.250048
      48000.0     0.246436
      49000.0     0.243113
      50000.0     0.239972
      51000.0     0.237015
      52000.0     0.234277
      53000.0     0.231700
      54000.0     0.229260
      55000.0     0.226940
      56000.0     0.224762
      57000.0     0.222729
      58000.0     0.220773
      59000.0     0.218913
      60000.0     0.217129
      61000.0     0.215459
      62000.0     0.213848
      63000.0     0.212312
      64000.0     0.210823
      65000.0     0.209408
      66000.0     0.208054
      67000.0     0.206753
      68000.0     0.205499
      69000.0     0.204290
      70000.0     0.203111
      71000.0     0.201970
      72000.0     0.200878
      73000.0     0.199832
      74000.0     0.198804
      75000.0     0.197794
      76000.0     0.196835
      77000.0     0.195907
      78000.0     0.194999
      79000.0     0.194110
      80000.0     0.193232
      81000.0     0.192395
      82000.0     0.191578
      83000.0     0.190778
      84000.0     0.189997
      85000.0     0.189248
      86000.0     0.188509
      87000.0     0.187783
      88000.0     0.187064
      89000.0     0.186353
      90000.0     0.185670
      91000.0     0.184995
      92000.0     0.184347
      93000.0     0.183704
      94000.0     0.183069
      95000.0     0.182441
      96000.0     0.181822
      97000.0     0.181219
      98000.0     0.180627
      99000.0     0.180051
      100000.     0.179480
      101000.     0.178903
      102000.     0.178331
      103000.     0.177789
      104000.     0.177249
      105000.     0.176735
      106000.     0.176223
      107000.     0.175700
      108000.     0.175175
      109000.     0.174688
      110000.     0.174211
      111000.     0.173721
      112000.     0.173222
      113000.     0.172735
      114000.     0.172259
      115000.     0.171790
      116000.     0.171336
      117000.     0.170882
      118000.     0.170422
      119000.     0.169961
      120000.     0.169532
      121000.     0.169110
      122000.     0.168688
      123000.     0.168268
      124000.     0.167847
      125000.     0.167423
      126000.     0.167000
      127000.     0.166585
      128000.     0.166177
      129000.     0.165772
      130000.     0.165383
      131000.     0.164993
      132000.     0.164601
      133000.     0.164207
      134000.     0.163817
      135000.     0.163455
      136000.     0.163093
      137000.     0.162725
      138000.     0.162348
      139000.     0.161970
      140000.     0.161604
      141000.     0.161240
      142000.     0.160878
      143000.     0.160525
      144000.     0.160173
      145000.     0.159821
      146000.     0.159472
      147000.     0.159122
      148000.     0.158778
      149000.     0.158440
      150000.     0.158103