      1000.00      27046.6
      2000.00      34390.3
      3000.00      14870.3
      4000.00      7413.53
      5000.00      4263.86
      6000.00      2698.01
      7000.00      1826.28
      8000.00      1303.10
      9000.00      2518.79
      10000.0      2640.80
      11000.0      2386.56
      12000.0      1908.79
      13000.0      1554.91
      14000.0      1287.68
      15000.0      1079.27
      16000.0      912.189
      17000.0      778.110
      18000.0      670.301
      19000.0      581.789
      20000.0      508.537
      21000.0      446.820
      22000.0      395.027
      23000.0      350.828
      24000.0      313.727
      25000.0      281.805
      26000.0      254.083
      27000.0      230.043
      28000.0      209.052
      29000.0      190.587
      30000.0      174.346
      31000.0      159.792
      32000.0      146.896
      33000.0      135.405
      34000.0      125.108
      35000.0      115.895
      36000.0      107.525
      37000.0      100.086
      38000.0      93.2595
      39000.0      87.1411
      40000.0      81.4856
      41000.0      76.3873
      42000.0      71.6790
      43000.0      67.3776
      44000.0      63.4381
      45000.0      59.7989
      46000.0      56.4618
      47000.0      53.3633
      48000.0      50.4949
      49000.0      47.8877
      50000.0      45.4324
      51000.0      43.1388
      52000.0      41.0270
      53000.0      39.0383
      54000.0      37.1936
      55000.0      35.4564
      56000.0      33.8401
      57000.0      32.3574
      58000.0      30.9587
      59000.0      29.6405
      60000.0      131.441
      61000.0      124.227
      62000.0      117.695
      63000.0      111.914
      64000.0      106.857
      65000.0      102.288
      66000.0      98.1497
      67000.0      94.3855
      68000.0      90.9326
      69000.0      87.8282
      70000.0      84.9040
      71000.0      82.1571
      72000.0      79.6024
      73000.0      77.2079
      74000.0      74.9234
      75000.0      72.7370
      76000.0      70.6412
      77000.0      68.6213
      78000.0      66.6589
      79000.0      64.7771
      80000.0      62.8936
      81000.0      61.0763
      82000.0      59.3192
      83000.0      57.5911
      84000.0      55.8971
      85000.0      54.2724
      86000.0      52.6756
      87000.0      51.1421
      88000.0      49.6482
      89000.0      48.1894
      90000.0      46.8048
      91000.0      45.4419
      92000.0      44.1527
      93000.0      42.8856
      94000.0      41.6728
      95000.0      40.4985
      96000.0      39.3659
      97000.0      38.2892
      98000.0      37.2454
      99000.0      36.2433
      100000.      35.2550
      101000.      34.3798
      102000.      33.4520
      103000.      32.6019
      104000.      31.7604
      105000.      31.0007
      106000.      30.2499
      107000.      29.5025
      108000.      28.7558
      109000.      28.0936
      110000.      27.4526
      111000.      26.8152
      112000.      26.1801
      113000.      25.5753
      114000.      25.0008
      115000.      24.4429
      116000.      23.9238
      117000.      23.4047
      118000.      22.8891
      119000.      22.3736
      120000.      21.9124
      121000.      21.4648
      122000.      21.0261
      123000.      20.6006
      124000.      20.1752
      125000.      19.7719
      126000.      19.3686
      127000.      18.9778
      128000.      18.5954
      129000.      18.2223
      130000.      17.8872
      131000.      17.5520
      132000.      17.2192
      133000.      16.8879
      134000.      16.5607
      135000.      16.2700
      136000.      15.9793
      137000.      15.6898
      138000.      15.4019
      139000.      15.1141
      140000.      14.8466
      141000.      14.5843
      142000.      14.3239
      143000.      14.0816
      144000.      13.8393
      145000.      13.6009
      146000.      13.3716
      147000.      13.1424
      148000.      12.9233
      149000.      12.7144
      150000.      12.5056
