      1000.00      4075.68
      2000.00      617.199
      3000.00      192.842
      4000.00      82.7851
      5000.00      42.6007
      6000.00      24.6415
      7000.00      15.5043
      8000.00      10.3730
      9000.00      7.29462
      10000.0      5.33143
      11000.0      4.02973
      12000.0      3.12752
      13000.0      2.48672
      14000.0      2.02181
      15000.0      1.67241
      16000.0      1.40926
      17000.0      1.20385
      18000.0      1.04257
      19000.0     0.914047
      20000.0     0.809853
      21000.0     0.725411
      22000.0     0.655937
      23000.0     0.597647
      24000.0     0.549286
      25000.0     0.508327
      26000.0     0.473609
      27000.0     0.443456
      28000.0     0.417505
      29000.0     0.395295
      30000.0     0.375570
      31000.0     0.358451
      32000.0     0.343374
      33000.0     0.330034
      34000.0     0.318120
      35000.0     0.307537
      36000.0     0.297943
      37000.0     0.289440
      38000.0     0.281653
      39000.0     0.274713
      40000.0     0.268279
      41000.0     0.262517
      42000.0     0.257176
      43000.0     0.252290
      44000.0     0.247792
      45000.0     0.243629
      46000.0     0.239782
      47000.0     0.236215
      48000.0     0.232889
      49000.0     0.229835
      50000.0     0.226949
      51000.0     0.224219
      52000.0     0.221694
      53000.0     0.219321
      54000.0     0.217069
      55000.0     0.214928
      56000.0     0.212916
      57000.0     0.211046
      58000.0     0.209235
      59000.0     0.207518
      60000.0     0.205863
      61000.0     0.204324
      62000.0     0.202830
      63000.0     0.201408
      64000.0     0.200027
      65000.0     0.198713
      66000.0     0.197459
      67000.0     0.196253
      68000.0     0.195084
      69000.0     0.193957
      70000.0     0.192859
      71000.0     0.191797
      72000.0     0.190784
      73000.0     0.189809
      74000.0     0.188848
      75000.0     0.187901
      76000.0     0.187008
      77000.0     0.186143
      78000.0     0.185298
      79000.0     0.184462
      80000.0     0.183640
      81000.0     0.182853
      82000.0     0.182092
      83000.0     0.181345
      84000.0     0.180614
      85000.0     0.179915
      86000.0     0.179224
      87000.0     0.178540
      88000.0     0.177863
      89000.0     0.177195
      90000.0     0.176555
      91000.0     0.175922
      92000.0     0.175314
      93000.0     0.174709
      94000.0     0.174115
      95000.0     0.173524
      96000.0     0.172939
      97000.0     0.172371
      98000.0     0.171812
      99000.0     0.171271
      100000.     0.170737
      101000.     0.170192
      102000.     0.169654
      103000.     0.169143
      104000.     0.168635
      105000.     0.168148
      106000.     0.167664
      107000.     0.167172
      108000.     0.166677
      109000.     0.166218
      110000.     0.165769
      111000.     0.165306
      112000.     0.164835
      113000.     0.164374
      114000.     0.163925
      115000.     0.163481
      116000.     0.163051
      117000.     0.162620
      118000.     0.162186
      119000.     0.161751
      120000.     0.161346
      121000.     0.160947
      122000.     0.160548
      123000.     0.160147
      124000.     0.159746
      125000.     0.159344
      126000.     0.158943
      127000.     0.158552
      128000.     0.158168
      129000.     0.157786
      130000.     0.157416
      131000.     0.157046
      132000.     0.156674
      133000.     0.156303
      134000.     0.155934
      135000.     0.155590
      136000.     0.155245
      137000.     0.154896
      138000.     0.154538
      139000.     0.154181
      140000.     0.153834
      141000.     0.153490
      142000.     0.153147
      143000.     0.152813
      144000.     0.152478
      145000.     0.152145
      146000.     0.151813
      147000.     0.151481
      148000.     0.151153
      149000.     0.150830
      150000.     0.150506