      1000.00      168700.
      2000.00      257800.
      3000.00      90250.0
      4000.00      41980.0
      5000.00      23000.0
      6000.00      14010.0
      7000.00      9188.05
      8000.00      6378.00
      9000.00      4618.86
      10000.0      25310.0
      11000.0      19975.2
      12000.0      15956.7
      13000.0      12924.8
      14000.0      10616.3
      15000.0      8814.00
      16000.0      7414.16
      17000.0      6291.79
      18000.0      5388.66
      19000.0      4650.43
      20000.0      4038.00
      21000.0      3533.02
      22000.0      3109.00
      23000.0      2746.80
      24000.0      2442.55
      25000.0      2181.75
      26000.0      1955.64
      27000.0      1759.88
      28000.0      1590.00
      29000.0      1440.45
      30000.0      1310.00
      31000.0      1195.27
      32000.0      1093.26
      33000.0      1003.17
      34000.0      922.670
      35000.0      850.722
      36000.0      785.608
      37000.0      727.834
      38000.0      675.055
      39000.0      627.964
      40000.0      584.600
      41000.0      545.805
      42000.0      510.126
      43000.0      477.705
      44000.0      448.067
      45000.0      420.756
      46000.0      395.745
      47000.0      372.694
      48000.0      351.505
      49000.0      332.131
      50000.0      314.100
      51000.0      297.430
      52000.0      282.062
      53000.0      267.663
      54000.0      254.369
      55000.0      241.836
      56000.0      230.248
      57000.0      219.495
      58000.0      209.478
      59000.0      200.092
      60000.0      191.100
      61000.0      182.915
      62000.0      175.114
      63000.0      167.790
      64000.0      160.961
      65000.0      154.488
      66000.0      148.402
      67000.0      142.674
      68000.0      137.254
      69000.0      132.213
      70000.0      127.371
      71000.0      122.752
      72000.0      118.404
      73000.0      114.340
      74000.0      110.450
      75000.0      106.721
      76000.0      103.227
      77000.0      99.9077
      78000.0      96.7208
      79000.0      93.7274
      80000.0      90.8300
      81000.0      88.0920
      82000.0      85.5323
      83000.0      83.0500
      84000.0      80.6587
      85000.0      78.4300
      86000.0      76.2568
      87000.0      74.1910
      88000.0      72.2127
      89000.0      70.3121
      90000.0      68.5268
      91000.0      66.7752
      92000.0      65.1347
      93000.0      63.5294
      94000.0      62.0101
      95000.0      60.5428
      96000.0      59.1320
      97000.0      57.7823
      98000.0      56.4685
      99000.0      55.2229
      100000.      54.0000
      101000.      52.8695
      102000.      51.7063
      103000.      50.6495
      104000.      49.6045
      105000.      48.6514
      106000.      47.7086
      107000.      46.7680
      108000.      45.8280
      109000.      44.9927
      110000.      44.1836
      111000.      43.3800
      112000.      42.5800
      113000.      41.8186
      114000.      41.0959
      115000.      40.3930
      116000.      39.7365
      117000.      39.0800
      118000.      38.4300
      119000.      37.7800
      120000.      37.2000
      121000.      36.6375
      122000.      36.0850
      123000.      35.5475
      124000.      35.0100
      125000.      34.5058
      126000.      34.0017
      127000.      33.5100
      128000.      33.0267
      129000.      32.5562
      130000.      32.1369
      131000.      31.7177
      132000.      31.3004
      133000.      30.8844
      134000.      30.4737
      135000.      30.1107
      136000.      29.7478
      137000.      29.3869
      138000.      29.0292
      139000.      28.6715
      140000.      28.3363
      141000.      28.0067
      142000.      27.6800
      143000.      27.3800
      144000.      27.0800
      145000.      26.7843
      146000.      26.4986
      147000.      26.2129
      148000.      25.9400
      149000.      25.6800
      150000.      25.4200