1 0
6.5  1.703037e-27
7  4.635113e-20
7.5  9.464447e-16
8  1.958482e-11
8.5  8.469810e-9
9  3.687867e-6
9.5  0.0001877
10  0.0095825
10.5  0.1109643
11  1.304838
11.5  7.769386
12  46.4583
12.5  168.5863
13  613.0494
13.5  1622.943
14  4305.208
14.5  8903.477
15  18436.13
15.5  32163.81
16  56258.39
16.5  85962.24
17  131605.5
17.5  182271.7
18  252717.9
18.5  327074.5
19  423425.9
19.5  518296.4
20  635271
20.5  745112.4
21  875454.2
21.5  992880.9
22  1.126736e+6
22.5  1.246341e+6
23  1.378724e+6
23.5  1.493151e+6
24  1.616960e+6
24.5  1.713899e+6
25  1.818799e+6
25.5  1.911855e+6
26  2.010463e+6
26.5  2.088046e+6
27  2.168036e+6
27.5  2.233530e+6
28  2.300052e+6
28.5  2.348479e+6
29  2.399911e+6
29.5  2.430583e+6
30  2.463241e+6
30.5  2.484340e+6
31  2.506011e+6
31.5  2.520402e+6
32  2.533836e+6
32.5  2.535753e+6
33  2.538993e+6
33.5  2.531286e+6
34  2.526143e+6
34.5  2.511180e+6
35  2.496513e+6
35.5  2.477463e+6
36  2.457661e+6
36.5  2.433250e+6
37  2.407842e+6
37.5  2.378157e+6
38  2.350536e+6
38.5  2.316760e+6
39  2.283515e+6
39.5  2.249341e+6
40  2.214257e+6
40.5  2.177830e+6
41  2.140020e+6
41.5  2.099891e+6
42  2.061435e+6
42.5  2.020706e+6
43  1.981419e+6
43.5  1.939582e+6
44  1.898250e+6
44.5  1.857182e+6
45  1.815362e+6
45.5  1.773280e+6
46  1.732137e+6
46.5  1.688967e+6
47  1.648212e+6
47.5  1.604794e+6
48  1.562004e+6
48.5  1.520536e+6
49  1.478713e+6
49.5  1.436966e+6
50  1.394341e+6
50.5  1.351656e+6
51  1.310733e+6
51.5  1.268407e+6
52  1.226747e+6
52.5  1.185670e+6
53  1.144018e+6
53.5  1.104021e+6
54  1.062592e+6
54.5  1.021219e+6
55  980716.6
55.5  939383
56  899175.1
56.5  857474.7
57  816245.4
57.5  776122.6
58  734802.8
58.5  693807
59  652255.6
59.5  609789.1
60  569029.3
60.5  525933.6
61  483319.5
61.5  438107.6
62  391444.5
62.5  346110.6
63  299953.1
63.5  253584.2
64  182209.9
64.5  89862.92
65  0
150 0