1  0
11 0
11.5  7.726988
12  45.76539
12.5  168.037
13  618.5679
13.5  1685.964
14  4626.575
14.5  9833.104
15  20994.27
15.5  37688.59
16  67917.14
16.5  106545.2
17  167493.3
17.5  237510.5
18  337541.4
18.5  446463.5
19  591079.9
19.5  738116.6
20  923095.1
20.5  1.103198e+6
21  1.320526e+6
21.5  1.523250e+6
22  1.758955e+6
22.5  1.975133e+6
23  2.219885e+6
23.5  2.438705e+6
24  2.679878e+6
24.5  2.879212e+6
25  3.095543e+6
25.5  3.297062e+6
26  3.511599e+6
26.5  3.689109e+6
27  3.877805e+6
27.5  4.037922e+6
28  4.207535e+6
28.5  4.342986e+6
29  4.484948e+6
29.5  4.589981e+6
30  4.701139e+6
30.5  4.790036e+6
31  4.882628e+6
31.5  4.956287e+6
32  5.032977e+6
32.5  5.088298e+6
33  5.143473e+6
33.5  5.179721e+6
34  5.217986e+6
34.5  5.238468e+6
35  5.260986e+6
35.5  5.268032e+6
36  5.276669e+6
36.5  5.274028e+6
37  5.274053e+6
37.5  5.261469e+6
38  5.250331e+6
38.5  5.227854e+6
39  5.206801e+6
39.5  5.181244e+6
40  5.155066e+6
40.5  5.121320e+6
41  5.088973e+6
41.5  5.051482e+6
42  5.012619e+6
42.5  4.969890e+6
43  4.928569e+6
43.5  4.883847e+6
44  4.841096e+6
44.5  4.792464e+6
45  4.745242e+6
45.5  4.696619e+6
46  4.649355e+6
46.5  4.599307e+6
47  4.549264e+6
47.5  4.496092e+6
48  4.444300e+6
48.5  4.394256e+6
49  4.343510e+6
49.5  4.290048e+6
50  4.237913e+6
50.5  4.185027e+6
51  4.133634e+6
51.5  4.079875e+6
52  4.027401e+6
52.5  3.975855e+6
53  3.926367e+6
53.5  3.874398e+6
54  3.823633e+6
54.5  3.772128e+6
55  3.721799e+6
55.5  3.671145e+6
56  3.620196e+6
56.5  3.570113e+6
57  3.521146e+6
57.5  3.473050e+6
58  1.678432e+7
58.5  3.377458e+6
59  3.330063e+6
59.5  2.660192e+7
60  3.236133e+6
60.5  3.188992e+6
61  3.142860e+6
61.5  3.097706e+6
62  3.053502e+6
62.5  3.008959e+6
63  2.964364e+6
63.5  2.921707e+6
64  2.879925e+6
64.5  2.837154e+6
65  2.793793e+6
65.5  2.752608e+6
66  2.712255e+6
66.5  2.671369e+6
67  1.038130e+7
67.5  2.591136e+6
68  2.551647e+6
68.5  2.512944e+6
69  4.498438e+6
69.5  2.437102e+6
70  2.260991e+6
70.5  2.228458e+6
71  2.196522e+6
71.5  2.165509e+6
72  2.133962e+6
72.5  2.102920e+6
73  2.072432e+6
73.5  2.042001e+6
74  2.012017e+6
74.5  1.981812e+6
75  1.952142e+6
75.5  1.922089e+6
76  1.892923e+6
76.5  1.863640e+6
77  1.834872e+6
77.5  1.806714e+6
78  1.779041e+6
78.5  1.750977e+6
79  1.722611e+6
79.5  1.694743e+6
80  1.667358e+6
80.5  1.640766e+6
81  1.613321e+6
81.5  1.586989e+6
82  1.561101e+6
82.5  1.534976e+6
83  1.509416e+6
83.5  1.482754e+6
84  1.456556e+6
84.5  1.431218e+6
85  1.406309e+6
85.5  1.381615e+6
86  1.356744e+6
86.5  1.332290e+6
87  1.308244e+6
87.5  1.284727e+6
88  1.260510e+6
88.5  1.236235e+6
89  1.212373e+6
89.5  1.189323e+6
90  1.166532e+6
90.5  1.142950e+6
91  1.119764e+6
91.5  1.097382e+6
92  1.075362e+6
92.5  1.052689e+6
93  1.030011e+6
93.5  1.007747e+6
94  985851.4
94.5  964622
95  942749.5
95.5  920888.2
96  899387.3
96.5  878186.2
97  856866.6
97.5  835352.9
98  814192.1
98.5  793328.9
99  772939.2
99.5  751914.9
100  731222
100.5  710523.2
101  690161.3
101.5  669757.3
102  648806.5
102.5  628143.7
103  607816.3
103.5  587852.9
104  567116.8
104.5  546319.4
105  525857.8
105.5  505747.2
106  485667.8
106.5  464529.2
107  443731.7
107.5  423122.7
108  402855.6
108.5  380837.7
109  358121.4
109.5  335786.2
110  313807.6
110.5  292383.5
111  270242
111.5  248456.3
112  227019.5
112.5  205935.8
113  171675.1
113.5  127646
114  84366.84
114.5  41842.37
115  0
150  0