1 0
9 0
9.5  0.0002137
10  0.0112423
10.5  0.1208559
11  1.345224
11.5  7.96238
12  47.24681
12.5  172.8988
13  634.2896
13.5  1714.658
14  4653.954
14.5  9804.469
15  20730.29
15.5  36888.27
16  65788.22
16.5  102249.2
17  159278.3
17.5  224133.4
18  315765.8
18.5  414210
19  543995.7
19.5  674972.9
20  837867.2
20.5  994743.8
21  1.182720e+6
21.5  1.355993e+6
22  1.556110e+6
22.5  1.737832e+6
23  1.942905e+6
23.5  2.122667e+6
24  2.320765e+6
24.5  2.482096e+6
25  2.656877e+6
25.5  2.816048e+6
26  2.986556e+6
26.5  3.125544e+6
27  3.273051e+6
27.5  3.395000e+6
28  3.523287e+6
28.5  3.623912e+6
29  3.730929e+6
29.5  3.805409e+6
30  3.883082e+6
30.5  3.946238e+6
31  4.009469e+6
31.5  4.057974e+6
32  4.108648e+6
32.5  4.142033e+6
33  4.174842e+6
33.5  4.192553e+6
34  4.211776e+6
34.5  4.217903e+6
35  4.223406e+6
35.5  4.218877e+6
36  4.215639e+6
36.5  4.203483e+6
37  4.190924e+6
37.5  4.171054e+6
38  4.153698e+6
38.5  4.125227e+6
39  4.098024e+6
39.5  4.067520e+6
40  4.039179e+6
40.5  4.002714e+6
41  3.967519e+6
41.5  3.927828e+6
42  3.889998e+6
42.5  3.847616e+6
43  3.806518e+6
43.5  3.763156e+6
44  3.721307e+6
44.5  3.675314e+6
45  3.630605e+6
45.5  3.585143e+6
46  3.540830e+6
46.5  3.493407e+6
47  3.447236e+6
47.5  3.398271e+6
48  3.351756e+6
48.5  3.304579e+6
49  3.258599e+6
49.5  3.211541e+6
50  3.163757e+6
50.5  3.115718e+6
51  3.068865e+6
51.5  3.021932e+6
52  2.974569e+6
52.5  2.928189e+6
53  2.882921e+6
53.5  2.837696e+6
54  2.792300e+6
54.5  2.746620e+6
55  2.702015e+6
55.5  2.657018e+6
56  2.612096e+6
56.5  2.568078e+6
57  2.525794e+6
57.5  2.482558e+6
58  7.715820e+6
58.5  2.398058e+6
59  2.357197e+6
59.5  1.152404e+7
60  2.273097e+6
60.5  2.232213e+6
61  2.192455e+6
61.5  2.152308e+6
62  2.113050e+6
62.5  2.073831e+6
63  2.035427e+6
63.5  1.997515e+6
64  1.960422e+6
64.5  1.922518e+6
65  1.885173e+6
65.5  1.848721e+6
66  1.813048e+6
66.5  1.776738e+6
67  4.802240e+6
67.5  1.706230e+6
68  1.671558e+6
68.5  1.637935e+6
69  2.402442e+6
69.5  1.569783e+6
70  1.478759e+6
70.5  1.448659e+6
71  1.418027e+6
71.5  1.388258e+6
72  1.359072e+6
72.5  1.330037e+6
73  1.300665e+6
73.5  1.271671e+6
74  1.243242e+6
74.5  1.214892e+6
75  1.186420e+6
75.5  1.157979e+6
76  1.129642e+6
76.5  1.102360e+6
77  1.074718e+6
77.5  1.047669e+6
78  1.021303e+6
78.5  993485.1
79  966209.9
79.5  939463.3
80  913113.6
80.5  885959.9
81  859331.6
81.5  833574.4
82  807801.9
82.5  781147.6
83  755003.6
83.5  729061.9
84  702700.2
84.5  676310.7
85  650425
85.5  624573.1
86  598695.2
86.5  572405.1
87  546610.6
87.5  521267.4
88  494243.7
88.5  467565
89  441404.5
89.5  414660.7
90  385390.5
90.5  356546.2
91  328261.7
91.5  300424.5
92  272192.9
92.5  244375.6
93  217099.3
93.5  166561.4
94  109935.4
94.5  54442.26
95  0
150 0