1    0
4.5  1.182782e-93
5.5  4.304594e-49
6.5  1.646703e-27
7.5  8.462580e-16
8.5  7.099081e-9
9.5  0.0001496
10.5  0.091189
11.5  6.716049
12.5  144.9632
13.5  1354.183
14.5  7143.641
15.5  24908.2
16.5  64393.23
17.5  132510.9
18.5  231409.4
19.5  357708.5
20.5  502195.3
21.5  653809.2
22.5  802574.9
23.5  940889.5
24.5  1.057084e+6
25.5  1.152900e+6
26.5  1.230108e+6
27.5  1.284930e+6
28.5  1.318500e+6
29.5  1.328851e+6
30.5  1.320477e+6
31.5  1.299554e+6
32.5  1.265724e+6
33.5  1.217908e+6
34.5  1.159285e+6
35.5  1.091481e+6
36.5  1.017201e+6
37.5  936156.1
38.5  848872.7
39.5  756106.5
40.5  657766.2
41.5  552974.2
42.5  438735.3
43.5  312521
44.5  131056.4
45.0  0
150   0