1 0
10 0
10.5  0.1212067
11  1.331537
11.5  7.859943
12  46.57396
12.5  170.7769
13  628.0895
13.5  1704.851
14  4653.329
14.5  9851.435
15  20951.4
15.5  37443.1
16  67144.43
16.5  104845.4
17  164206.9
17.5  231924.4
18  328221.9
18.5  432279.2
19  570527.8
19.5  709957.3
20  884663.3
20.5  1.053859e+6
21  1.256859e+6
21.5  1.446191e+6
22  1.664857e+6
22.5  1.864431e+6
23  2.089719e+6
23.5  2.290113e+6
24  2.510280e+6
24.5  2.690956e+6
25  2.886592e+6
25.5  3.067813e+6
26  3.260532e+6
26.5  3.418842e+6
27  3.586842e+6
27.5  3.729464e+6
28  3.877373e+6
28.5  3.995713e+6
29  4.119616e+6
29.5  4.211160e+6
30  4.303764e+6
30.5  4.378887e+6
31  4.457150e+6
31.5  4.520247e+6
32  4.582776e+6
32.5  4.625047e+6
33  4.669388e+6
33.5  4.696693e+6
34  4.726149e+6
34.5  4.737996e+6
35  4.751391e+6
35.5  4.753001e+6
36  4.756671e+6
36.5  4.747963e+6
37  4.740630e+6
37.5  4.724718e+6
38  4.711041e+6
38.5  4.685063e+6
39  4.660435e+6
39.5  4.631712e+6
40  4.605421e+6
40.5  4.569738e+6
41  4.535397e+6
41.5  4.495610e+6
42  4.457168e+6
42.5  4.415499e+6
43  4.373835e+6
43.5  4.329353e+6
44  4.286199e+6
44.5  4.240082e+6
45  4.193788e+6
45.5  4.146432e+6
46  4.100377e+6
46.5  4.052361e+6
47  4.003963e+6
47.5  3.952986e+6
48  3.903330e+6
48.5  3.855262e+6
49  3.806586e+6
49.5  3.755702e+6
50  3.706084e+6
50.5  3.656724e+6
51  3.606562e+6
51.5  3.555720e+6
52  3.506104e+6
52.5  3.457438e+6
53  3.409739e+6
53.5  3.360846e+6
54  3.313096e+6
54.5  3.264823e+6
55  3.217630e+6
55.5  3.168928e+6
56  3.121346e+6
56.5  3.074644e+6
57  3.029159e+6
57.5  2.983256e+6
58  1.193823e+7
58.5  2.893307e+6
59  2.849597e+6
59.5  1.851522e+7
60  2.760063e+6
60.5  2.716428e+6
61  2.674260e+6
61.5  2.631426e+6
62  2.589515e+6
62.5  2.547461e+6
63  2.506309e+6
63.5  2.466625e+6
64  2.427101e+6
64.5  2.386392e+6
65  2.346548e+6
65.5  2.308396e+6
66  2.270178e+6
66.5  2.231639e+6
67  7.415156e+6
67.5  2.156924e+6
68  2.119726e+6
68.5  2.083291e+6
69  3.410385e+6
69.5  2.012461e+6
70  1.882425e+6
70.5  1.850881e+6
71  1.819934e+6
71.5  1.790128e+6
72  1.759664e+6
72.5  1.729599e+6
73  1.700090e+6
73.5  1.670799e+6
74  1.641585e+6
74.5  1.612380e+6
75  1.583713e+6
75.5  1.554855e+6
76  1.526264e+6
76.5  1.497989e+6
77  1.470230e+6
77.5  1.443061e+6
78  1.416260e+6
78.5  1.388437e+6
79  1.361126e+6
79.5  1.334314e+6
80  1.308043e+6
80.5  1.281126e+6
81  1.254699e+6
81.5  1.229261e+6
82  1.204501e+6
82.5  1.178460e+6
83  1.152888e+6
83.5  1.127316e+6
84  1.102210e+6
84.5  1.077265e+6
85  1.052357e+6
85.5  1.027930e+6
86  1.003934e+6
86.5  979841.8
87  955541.8
87.5  931591.6
88  908061.8
88.5  884303.7
89  860103.2
89.5  836625.6
90  813556.6
90.5  790460.4
91  766586.5
91.5  743425.3
92  720663.3
92.5  698067.7
93  674306.9
93.5  650997.6
94  628101.1
94.5  605817.1
95  582650.6
95.5  559286.1
96  536333.6
96.5  513753.3
97  490471.9
97.5  466852.6
98  443648.8
98.5  420826.2
99  396609.6
99.5  371070.8
100  345963.6
100.5  321129.6
101  296769.1
101.5  271847.5
102  247362.7
102.5  223290.4
103  195094.7
103.5  145004.6
104  95804.46
104.5  47472.8
105  0
150 0