1  0
13  0
14  4483.482
14.5  9610.753
15  20698.93
15.5  37474.11
16  68174.12
16.5  107794.8
17  171173.3
17.5  244694.5
18  350772.8
18.5  467342.5
19  624062.4
19.5  785325
20  990526.6
20.5  1.192018e+6
21  1.436671e+6
21.5  1.668493e+6
22  1.940180e+6
22.5  2.193293e+6
23  2.479991e+6
23.5  2.738741e+6
24  3.027236e+6
24.5  3.269441e+6
25  3.533798e+6
25.5  3.782268e+6
26  4.048381e+6
26.5  4.271974e+6
27  4.510697e+6
27.5  4.716077e+6
28  4.933533e+6
28.5  5.114300e+6
29  5.301760e+6
29.5  5.444861e+6
30  5.594392e+6
30.5  5.720594e+6
31  5.854122e+6
31.5  5.959915e+6
32  6.069981e+6
32.5  6.152871e+6
33  6.239160e+6
33.5  6.302072e+6
34  6.369087e+6
34.5  6.409956e+6
35  6.453139e+6
35.5  6.478000e+6
36  6.504884e+6
36.5  6.520104e+6
37  6.533363e+6
37.5  6.533471e+6
38  6.535320e+6
38.5  6.522039e+6
39  6.510422e+6
39.5  6.492935e+6
40  6.474025e+6
40.5  6.445451e+6
41  6.418465e+6
41.5  6.382420e+6
42  6.347950e+6
42.5  6.308424e+6
43  6.268287e+6
43.5  6.223243e+6
44  6.179743e+6
44.5  6.130692e+6
45  6.084584e+6
45.5  6.033293e+6
46  5.983522e+6
46.5  5.929451e+6
47  5.876890e+6
47.5  5.819748e+6
48  5.764802e+6
48.5  5.708618e+6
49  5.653890e+6
49.5  5.595104e+6
50  5.537781e+6
50.5  5.480433e+6
51  5.421847e+6
51.5  5.361583e+6
52  5.302747e+6
52.5  5.244714e+6
53  5.188028e+6
53.5  5.131047e+6
54  5.073400e+6
54.5  5.014447e+6
55  4.956814e+6
55.5  4.897938e+6
56  4.840359e+6
56.5  4.783812e+6
57  4.727170e+6
57.5  4.671467e+6
58  3.113809e+7
58.5  4.561522e+6
59  4.508079e+6
59.5  5.074966e+7
60  4.397387e+6
60.5  4.343029e+6
61  4.289791e+6
61.5  4.237639e+6
62  4.186881e+6
62.5  4.133994e+6
63  4.082175e+6
63.5  4.032782e+6
64  3.984364e+6
64.5  3.934325e+6
65  3.883539e+6
65.5  3.835538e+6
66  3.788465e+6
66.5  3.740357e+6
67  1.907938e+7
67.5  3.647091e+6
68  3.600610e+6
68.5  3.555011e+6
69  7.526189e+6
69.5  3.465282e+6
70  3.139844e+6
70.5  3.104970e+6
71  3.069967e+6
71.5  3.035300e+6
72  3.001233e+6
72.5  2.968155e+6
73  2.936040e+6
73.5  2.902340e+6
74  2.869210e+6
74.5  2.836497e+6
75  2.804328e+6
75.5  2.771298e+6
76  2.738908e+6
76.5  2.706945e+6
77  2.675508e+6
77.5  2.644743e+6
78  2.614476e+6
78.5  2.583752e+6
79  2.552409e+6
79.5  2.521576e+6
80  2.491242e+6
80.5  2.461129e+6
81  2.431499e+6
81.5  2.403391e+6
82  2.374887e+6
82.5  2.345767e+6
83  2.317108e+6
83.5  2.287972e+6
84  2.259835e+6
84.5  2.231574e+6
85  2.203756e+6
85.5  2.176400e+6
86  2.149467e+6
86.5  2.122948e+6
87  2.097061e+6
87.5  2.070431e+6
88  2.044210e+6
88.5  2.017598e+6
89  1.991397e+6
89.5  1.966277e+6
90  1.941522e+6
90.5  1.915801e+6
91  1.890473e+6
91.5  1.866200e+6
92  1.842287e+6
92.5  1.818205e+6
93  1.793544e+6
93.5  1.769283e+6
94  1.745386e+6
94.5  1.722439e+6
95  1.699825e+6
95.5  1.676950e+6
96  1.653755e+6
96.5  1.630804e+6
97  1.608191e+6
97.5  1.585938e+6
98  1.564415e+6
98.5  1.542065e+6
99  1.520043e+6
99.5  1.498976e+6
100  1.478206e+6
100.5  1.457050e+6
101  1.436333e+6
101.5  1.415245e+6
102  1.394460e+6
102.5  1.373833e+6
103  1.353501e+6
103.5  1.333539e+6
104  1.313715e+6
104.5  1.293603e+6
105  1.273777e+6
105.5  1.254257e+6
106  1.235011e+6
106.5  1.216184e+6
107  1.196761e+6
107.5  1.177205e+6
108  1.157930e+6
108.5  1.139325e+6
109  1.120977e+6
109.5  1.102853e+6
110  1.084388e+6
110.5  1.066113e+6
111  1.048092e+6
111.5  1.030319e+6
112  1.012790e+6
112.5  995165
113  977461.4
113.5  959553.6
114  941899.9
114.5  924926
115  908189.5
115.5  890855.6
116  873757.7
116.5  856891.8
117  840253.7
117.5  823528.4
118  806712.4
118.5  789944.2
119  773402.7
119.5  757129.4
120  741073.1
120.5  725016.7
121  708181.2
121.5  691861.1
122  675758.9
122.5  659891.6
123  644234.5
123.5  628221.5
124  611748.7
124.5  595729.2
125  579922.5
125.5  564130.7
126  548555.3
126.5  532575.9
127  516515.6
127.5  500667.4
128  485027.9
128.5  469421
129  453828.4
129.5  437576.3
130  421537.9
130.5  405537.1
131  389756.9
131.5  374375.2
132  357528.3
132.5  339922.7
133  322561
133.5  305562.7
134  288786.7
134.5  272321.3
135  255287.4
135.5  238566.1
136  222063.9
136.5  205696.2
137  189552.9
137.5  163471
138  129911.7
138.5  96745.81
139  64043.48
139.5  31810.49
140  0
150  0