1  0
12 0
13  602.0572
13.5  1649.794
14  4548.331
14.5  9715.989
15  20863.59
15.5  37662.33
16  68327.43
16.5  107691.9
17  170295.5
17.5  242741
18  346890.7
18.5  461102.9
19  613696.7
19.5  769978.7
20  967690
20.5  1.161579e+6
21  1.396941e+6
21.5  1.618019e+6
22  1.876290e+6
22.5  2.114719e+6
23  2.385805e+6
23.5  2.630763e+6
24  2.901069e+6
24.5  3.126591e+6
25  3.372166e+6
25.5  3.600867e+6
26  3.847641e+6
26.5  4.054782e+6
27  4.273504e+6
27.5  4.460628e+6
28  4.658451e+6
28.5  4.820641e+6
29  4.992036e+6
29.5  5.119418e+6
30  5.252419e+6
30.5  5.363662e+6
31  5.479544e+6
31.5  5.574737e+6
32  5.670719e+6
32.5  5.741390e+6
33  5.815038e+6
33.5  5.867046e+6
34  5.923205e+6
34.5  5.955078e+6
35  5.989023e+6
35.5  6.006575e+6
36  6.025967e+6
36.5  6.034388e+6
37  6.040941e+6
37.5  6.035675e+6
38  6.032024e+6
38.5  6.014776e+6
39  5.999089e+6
39.5  5.977627e+6
40  5.955591e+6
40.5  5.924710e+6
41  5.895337e+6
41.5  5.857977e+6
42  5.822848e+6
42.5  5.780540e+6
43  5.739737e+6
43.5  5.694643e+6
44  5.651026e+6
44.5  5.603467e+6
45  5.555011e+6
45.5  5.504628e+6
46  5.455699e+6
46.5  5.403053e+6
47  5.352945e+6
47.5  5.296386e+6
48  5.241310e+6
48.5  5.187153e+6
49  5.134384e+6
49.5  5.079328e+6
50  5.023079e+6
50.5  4.965716e+6
51  4.909743e+6
51.5  4.852381e+6
52  4.796379e+6
52.5  4.741460e+6
53  4.686481e+6
53.5  4.630724e+6
54  4.576244e+6
54.5  4.520674e+6
55  4.466727e+6
55.5  4.410333e+6
56  4.355194e+6
56.5  4.300855e+6
57  4.247705e+6
57.5  4.195961e+6
58  2.504601e+7
58.5  4.090939e+6
59  4.039211e+6
59.5  4.047562e+7
60  3.936451e+6
60.5  3.884762e+6
61  3.834154e+6
61.5  3.784594e+6
62  3.736051e+6
62.5  3.687640e+6
63  3.638476e+6
63.5  3.591549e+6
64  3.545562e+6
64.5  3.497489e+6
65  3.450382e+6
65.5  3.405800e+6
66  3.361224e+6
66.5  3.315820e+6
67  1.539771e+7
67.5  3.227512e+6
68  3.184669e+6
68.5  3.141671e+6
69  6.264581e+6
69.5  3.057292e+6
70  2.797641e+6
70.5  2.763933e+6
71  2.729848e+6
71.5  2.696288e+6
72  2.663318e+6
72.5  2.631106e+6
73  2.599790e+6
73.5  2.567183e+6
74  2.535138e+6
74.5  2.503533e+6
75  2.472465e+6
75.5  2.441170e+6
76  2.409220e+6
76.5  2.378435e+6
77  2.348167e+6
77.5  2.318542e+6
78  2.289407e+6
78.5  2.259446e+6
79  2.229437e+6
79.5  2.199928e+6
80  2.170908e+6
80.5  2.142147e+6
81  2.113773e+6
81.5  2.085988e+6
82  2.058650e+6
82.5  2.030842e+6
83  2.003485e+6
83.5  1.975865e+6
84  1.947936e+6
84.5  1.920971e+6
85  1.894440e+6
85.5  1.868370e+6
86  1.842912e+6
86.5  1.816975e+6
87  1.791448e+6
87.5  1.766146e+6
88  1.741242e+6
88.5  1.716383e+6
89  1.690943e+6
89.5  1.666482e+6
90  1.642400e+6
90.5  1.618070e+6
91  1.594121e+6
91.5  1.570834e+6
92  1.547481e+6
92.5  1.523775e+6
93  1.500440e+6
93.5  1.477500e+6
94  1.454768e+6
94.5  1.432340e+6
95  1.410249e+6
95.5  1.387960e+6
96  1.366013e+6
96.5  1.344283e+6
97  1.322215e+6
97.5  1.300517e+6
98  1.279148e+6
98.5  1.258027e+6
99  1.237315e+6
99.5  1.216640e+6
100  1.196268e+6
100.5  1.175646e+6
101  1.155334e+6
101.5  1.135611e+6
102  1.115243e+6
102.5  1.095076e+6
103  1.075210e+6
103.5  1.055704e+6
104  1.036485e+6
104.5  1.017075e+6
105  997606.8
105.5  978454.2
106  959582.8
106.5  940930.7
107  922208.4
107.5  902943.8
108  883970.1
108.5  865579.9
109  847457
109.5  829426.4
110  810979.4
110.5  792751.9
111  774789
111.5  757085.5
112  739569.2
112.5  721417.8
113  703528.1
113.5  685576.3
114  667893
114.5  650882.1
115  632927
115.5  615191.4
116  597709.9
116.5  580477.8
117  563490.7
117.5  545644.3
118  527743.6
118.5  510284.1
119  493073.1
119.5  476135
120  458655.7
120.5  440621.9
121  422856
121.5  405517.6
122  388423.9
122.5  370283.6
123  350949.8
123.5  331739.8
124  312814.5
124.5  294284.2
125  276078
125.5  257290.7
126  238780.6
126.5  220619.1
127  202713
127.5  181721.7
128  144325.6
128.5  107426.4
129  71078.72
129.5  35285.46
130  0
150  0