1  0
8  1.002763e+7
9  1.434220e+7
10  1.744868e+7
11  1.242990e+7
12  1.147310e+7
13  1.145573e+7
14  1.218264e+7
15  1.260901e+7
16  1.284394e+7
17  1.286737e+7
18  1.273275e+7
19  1.247937e+7
20  1.215838e+7
21  1.178673e+7
22  1.137610e+7
23  1.094570e+7
24  1.050168e+7
25  1.006173e+7
26  9.629229e+6
27  9.202505e+6
28  8.788414e+6
29  8.391704e+6
30  8.005304e+6
31  7.639190e+6
32  7.286971e+6
33  6.948721e+6
34  6.631616e+6
35  6.325031e+6
36  6.031732e+6
37  5.756941e+6
38  5.491572e+6
39  5.240351e+6
40  4.999101e+6
41  4.771602e+6
42  4.554304e+6
43  4.345757e+6
44  4.147372e+6
45  3.958230e+6
46  3.775471e+6
47  3.602160e+6
48  3.434865e+6
49  3.276151e+6
50  3.123837e+6
51  2.976711e+6
52  2.835443e+6
53  2.700461e+6
54  2.569454e+6
55  2.443976e+6
56  2.322377e+6
57  2.205607e+6
58  2.853355e+6
59  3.303486e+6
60  1.877391e+6
61  1.775268e+6
62  1.674995e+6
63  1.578460e+6
64  1.484065e+6
65  1.392485e+6
66  1.303475e+6
67  1.639779e+6
68  1.129513e+6
69  1.155815e+6
70  941842.1
71  862933.5
72  784436
73  705809.1
74  627635.1
75  548725.2
76  464005
77  380032.8
78  296684.6
79  163643.8
80  0
150 0