1 0
7  4.640534e-20
7.5  9.561494e-16
8  1.990355e-11
8.5  8.670681e-9
9  3.800786e-6
9.5  0.0001941
10  0.0099714
10.5  0.1138527
11  1.324628
11.5  7.887139
12  47.05675
12.5  171.0343
13  623.6195
13.5  1656.896
14  4416.137
14.5  9165.077
15  19055.64
15.5  33389.81
16  58580.86
16.5  89803.09
17  137934.1
17.5  191588.7
18  266413.3
18.5  345713.8
19  448754.3
19.5  550578.5
20  676576.1
20.5  795519.9
21  936054
21.5  1.064358e+6
22  1.210550e+6
22.5  1.341584e+6
23  1.486804e+6
23.5  1.612525e+6
24  1.750357e+6
24.5  1.858683e+6
25  1.974449e+6
25.5  2.080312e+6
26  2.191373e+6
26.5  2.278557e+6
27  2.371444e+6
27.5  2.445278e+6
28  2.522183e+6
28.5  2.580562e+6
29  2.640159e+6
29.5  2.679181e+6
30  2.718085e+6
30.5  2.746247e+6
31  2.776171e+6
31.5  2.794885e+6
32  2.814098e+6
32.5  2.822540e+6
33  2.829867e+6
33.5  2.826552e+6
34  2.825182e+6
34.5  2.813584e+6
35  2.802374e+6
35.5  2.785819e+6
36  2.768816e+6
36.5  2.746576e+6
37  2.723273e+6
37.5  2.695748e+6
38  2.669415e+6
38.5  2.636520e+6
39  2.603978e+6
39.5  2.571255e+6
40  2.537511e+6
40.5  2.499806e+6
41  2.463946e+6
41.5  2.424186e+6
42  2.386288e+6
42.5  2.345192e+6
43  2.305242e+6
43.5  2.264771e+6
44  2.223397e+6
44.5  2.181057e+6
45  2.139949e+6
45.5  2.097315e+6
46  2.055162e+6
46.5  2.013497e+6
47  1.971048e+6
47.5  1.927370e+6
48  1.885400e+6
48.5  1.843002e+6
49  1.802320e+6
49.5  1.758948e+6
50  1.716706e+6
50.5  1.675103e+6
51  1.632726e+6
51.5  1.590651e+6
52  1.549588e+6
52.5  1.507991e+6
53  1.466850e+6
53.5  1.426976e+6
54  1.386317e+6
54.5  1.345507e+6
55  1.305984e+6
55.5  1.265523e+6
56  1.225638e+6
56.5  1.186410e+6
57  1.147196e+6
57.5  1.109032e+6
58  1.069710e+6
58.5  1.030983e+6
59  992930.6
59.5  953697.7
60  914857.1
60.5  877250.8
61  838576.8
61.5  800327.3
62  762595.8
62.5  723985
63  685859
63.5  647550.2
64  609177.1
64.5  571165.9
65  531021.8
65.5  492124.2
66  452208.1
66.5  408664.3
67  365501.7
67.5  324436.6
68  282486.9
68.5  240253.8
69  165971.2
69.5  81944.37
70  0
150 0