1 0
7.5  9.591399e-16
8  2.014291e-11
8.5  8.814797e-9
9  3.888015e-6
9.5  0.0001997
10  0.0103011
10.5  0.1161117
11  1.339203
11.5  7.955181
12  47.4002
12.5  172.725
13  630.3312
13.5  1681.064
14  4502.85
14.5  9372.833
15  19558.77
15.5  34390.93
16  60563.23
16.5  93109.49
17  143477
17.5  199850
18  278716.2
18.5  362518.7
19  471790.8
19.5  580185
20  714569.8
20.5  841972.2
21  992816.3
21.5  1.131112e+6
22  1.288973e+6
22.5  1.430272e+6
23  1.588863e+6
23.5  1.725993e+6
24  1.875861e+6
24.5  1.996146e+6
25  2.124274e+6
25.5  2.240139e+6
26  2.364447e+6
26.5  2.462357e+6
27  2.565178e+6
27.5  2.649924e+6
28  2.737357e+6
28.5  2.803381e+6
29  2.873125e+6
29.5  2.918255e+6
30  2.966366e+6
30.5  3.000476e+6
31  3.036250e+6
31.5  3.060834e+6
32  3.087688e+6
32.5  3.099486e+6
33  3.111833e+6
33.5  3.113948e+6
34  3.115548e+6
34.5  3.107078e+6
35  3.100391e+6
35.5  3.085425e+6
36  3.070848e+6
36.5  3.050494e+6
37  3.029624e+6
37.5  3.003283e+6
38  2.978697e+6
38.5  2.947044e+6
39  2.915872e+6
39.5  2.883433e+6
40  2.850613e+6
40.5  2.813334e+6
41  2.777722e+6
41.5  2.738018e+6
42  2.700272e+6
42.5  2.658953e+6
43  2.618802e+6
43.5  2.576908e+6
44  2.536575e+6
44.5  2.493621e+6
45  2.451274e+6
45.5  2.409296e+6
46  2.367174e+6
46.5  2.323694e+6
47  2.281581e+6
47.5  2.237266e+6
48  2.193582e+6
48.5  2.151301e+6
49  2.108921e+6
49.5  2.065312e+6
50  2.023070e+6
50.5  1.979884e+6
51  1.938434e+6
51.5  1.895061e+6
52  1.852794e+6
52.5  1.811031e+6
53  1.770398e+6
53.5  1.729035e+6
54  1.688212e+6
54.5  1.647684e+6
55  1.607113e+6
55.5  1.566377e+6
56  1.526667e+6
56.5  1.486865e+6
57  1.447568e+6
57.5  1.409113e+6
58  1.757388e+6
58.5  1.332023e+6
59  1.294311e+6
59.5  1.931249e+6
60  1.218199e+6
60.5  1.181008e+6
61  1.143754e+6
61.5  1.106936e+6
62  1.070612e+6
62.5  1.033811e+6
63  997437.2
63.5  961821.4
64  926087.7
64.5  889988.3
65  854100.2
65.5  818507.3
66  783274.4
66.5  747639.6
67  936295.7
67.5  676506.4
68  640828.9
68.5  605014.9
69  628112.4
69.5  533461.2
70  490546.4
70.5  455411.1
71  416919.8
71.5  378354.5
72  340116.7
72.5  302633.3
73  264941
73.5  226954.9
74  151018.7
74.5  74612.52
75  0
150 0