1 0
6  6.455406e-35
6.5  1.708824e-27
7  4.594671e-20
7.5  9.335513e-16
8  1.912467e-11
8.5  8.227923e-9
9  3.558601e-6
9.5  0.0001799
10  0.0091488
10.5  0.1072174
11  1.27623
11.5  7.610996
12  45.52351
12.5  164.9716
13  598.5908
13.5  1577.783
14  4166.65
14.5  8579.279
15  17689.01
15.5  30741.81
16  53554.89
16.5  81530.29
17  124418.7
17.5  171804.9
18  237505.8
18.5  306460.3
19  395548.7
19.5  483261.2
20  590514.9
20.5  691474.3
21  809770.4
21.5  916281.7
22  1.038051e+6
22.5  1.144926e+6
23  1.264666e+6
23.5  1.366111e+6
24  1.477221e+6
24.5  1.562749e+6
25  1.653864e+6
25.5  1.736242e+6
26  1.822333e+6
26.5  1.889222e+6
27  1.958120e+6
27.5  2.011993e+6
28  2.069023e+6
28.5  2.108228e+6
29  2.150615e+6
29.5  2.173679e+6
30  2.197536e+6
30.5  2.212955e+6
31  2.227681e+6
31.5  2.235943e+6
32  2.243228e+6
32.5  2.241174e+6
33  2.238032e+6
33.5  2.226552e+6
34  2.216446e+6
34.5  2.197769e+6
35  2.181343e+6
35.5  2.158260e+6
36  2.135567e+6
36.5  2.108651e+6
37  2.080885e+6
37.5  2.050963e+6
38  2.019988e+6
38.5  1.985957e+6
39  1.950997e+6
39.5  1.914686e+6
40  1.879720e+6
40.5  1.840338e+6
41  1.803330e+6
41.5  1.762731e+6
42  1.723851e+6
42.5  1.682105e+6
43  1.640889e+6
43.5  1.600082e+6
44  1.558490e+6
44.5  1.516795e+6
45  1.474153e+6
45.5  1.431409e+6
46  1.389863e+6
46.5  1.346233e+6
47  1.304851e+6
47.5  1.261053e+6
48  1.218002e+6
48.5  1.175425e+6
49  1.132413e+6
49.5  1.089918e+6
50  1.046524e+6
50.5  1.003923e+6
51  959994.9
51.5  916269.4
52  873132.1
52.5  828855.5
53  786464.8
53.5  741902.8
54  698057.7
54.5  653151.1
55  607787.7
55.5  562956.6
56  516616.3
56.5  470626.8
57  419137.4
57.5  368375.6
58  319268.5
58.5  268042
59  200552.3
59.5  98866.16
60  0
150 0