1 0
5.5  4.223792e-49
6  6.497566e-35
6.5  1.700991e-27
7  4.532976e-20
7.5  9.118843e-16
8  1.854540e-11
8.5  7.913174e-9
9  3.403536e-6
9.5  0.0001711
10  0.0086581
10.5  0.1028577
11  1.237605
11.5  7.389357
12  44.24763
12.5  160.0071
13  579.2791
13.5  1519.385
14  3990.537
14.5  8183.273
15  16791.55
15.5  29093.04
16  50432.46
16.5  76520.8
17  116301.8
17.5  160068.3
18  220672.9
18.5  283702.7
19  365350.7
19.5  444699.9
20  542233.2
20.5  632716.3
21  739651.7
21.5  834820.4
22  943342.3
22.5  1.038088e+6
23  1.142966e+6
23.5  1.232476e+6
24  1.328676e+6
24.5  1.403435e+6
25  1.481670e+6
25.5  1.552088e+6
26  1.624630e+6
26.5  1.680964e+6
27  1.738116e+6
27.5  1.781884e+6
28  1.827766e+6
28.5  1.858214e+6
29  1.890458e+6
29.5  1.905731e+6
30  1.922775e+6
30.5  1.929928e+6
31  1.939155e+6
31.5  1.939172e+6
32  1.941605e+6
32.5  1.933058e+6
33  1.924791e+6
33.5  1.909813e+6
34  1.894030e+6
34.5  1.873107e+6
35  1.850911e+6
35.5  1.825978e+6
36  1.799367e+6
36.5  1.770416e+6
37  1.739308e+6
37.5  1.707567e+6
38  1.674024e+6
38.5  1.637450e+6
39  1.601377e+6
39.5  1.563341e+6
40  1.526348e+6
40.5  1.485711e+6
41  1.446665e+6
41.5  1.404255e+6
42  1.364012e+6
42.5  1.320549e+6
43  1.279819e+6
43.5  1.236174e+6
44  1.193273e+6
44.5  1.149597e+6
45  1.105642e+6
45.5  1.061852e+6
46  1.017115e+6
46.5  972922.6
47  927090.2
47.5  882391.4
48  835175.9
48.5  790667
49  743421.4
49.5  696392.5
50  648417.3
50.5  599922.2
51  551096.3
51.5  500669.2
52  448702.2
52.5  392659.2
53  339550.7
53.5  283118.7
54  221106.2
54.5  108962.5
55  0
150 0