1  0
12 0
13.5  1635.156
14  4518.614
14.5  9665.413
15  20787.04
15.5  37580.87
16  68258.98
16.5  107842.8
17  170818.6
17.5  243845.6
18  349024.4
18.5  464373.3
19  619570
19.5  778415.3
20  979709.6
20.5  1.177523e+6
21  1.417337e+6
21.5  1.644110e+6
22  1.910200e+6
22.5  2.155292e+6
23  2.434319e+6
23.5  2.685649e+6
24  2.965540e+6
24.5  3.201295e+6
25  3.455956e+6
25.5  3.693444e+6
26  3.949944e+6
26.5  4.164959e+6
27  4.396507e+6
27.5  4.592188e+6
28  4.799200e+6
28.5  4.969446e+6
29  5.148291e+6
29.5  5.284216e+6
30  5.427735e+6
30.5  5.545672e+6
31  5.668559e+6
31.5  5.768295e+6
32  5.872049e+6
32.5  5.951734e+6
33  6.030820e+6
33.5  6.087374e+6
34  6.146548e+6
34.5  6.183635e+6
35  6.222912e+6
35.5  6.245979e+6
36  6.268223e+6
36.5  6.277097e+6
37  6.287755e+6
37.5  6.285925e+6
38  6.287403e+6
38.5  6.271205e+6
39  6.256631e+6
39.5  6.235312e+6
40  6.215553e+6
40.5  6.186524e+6
41  6.159608e+6
41.5  6.122039e+6
42  6.086024e+6
42.5  6.044705e+6
43  6.004909e+6
43.5  5.961578e+6
44  5.917196e+6
44.5  5.867639e+6
45  5.819602e+6
45.5  5.769438e+6
46  5.722260e+6
46.5  5.668098e+6
47  5.615433e+6
47.5  5.558497e+6
48  5.503059e+6
48.5  5.448498e+6
49  5.395929e+6
49.5  5.337672e+6
50  5.280863e+6
50.5  5.222793e+6
51  5.166129e+6
51.5  5.108892e+6
52  5.050758e+6
52.5  4.993473e+6
53  4.937521e+6
53.5  4.880670e+6
54  4.826480e+6
54.5  4.768615e+6
55  4.712051e+6
55.5  4.654383e+6
56  4.597990e+6
56.5  4.542367e+6
57  4.488560e+6
57.5  4.434020e+6
58  2.803665e+7
58.5  4.326482e+6
59  4.273460e+6
59.5  4.551665e+7
60  4.167267e+6
60.5  4.114217e+6
61  4.062267e+6
61.5  4.011384e+6
62  3.961539e+6
62.5  3.911213e+6
63  3.860706e+6
63.5  3.812532e+6
64  3.765314e+6
64.5  3.715830e+6
65  3.667896e+6
65.5  3.621097e+6
66  3.575211e+6
66.5  3.528396e+6
67  1.720649e+7
67.5  3.437301e+6
68  3.393006e+6
68.5  3.348705e+6
69  6.887314e+6
69.5  3.261649e+6
70  2.970098e+6
70.5  2.935913e+6
71  2.901325e+6
71.5  2.867174e+6
72  2.833619e+6
72.5  2.800931e+6
73  2.769315e+6
73.5  2.736104e+6
74  2.703461e+6
74.5  2.671247e+6
75  2.639575e+6
75.5  2.607137e+6
76  2.575321e+6
76.5  2.543939e+6
77  2.513078e+6
77.5  2.482876e+6
78  2.453166e+6
78.5  2.422926e+6
79  2.392181e+6
79.5  2.361942e+6
80  2.332199e+6
80.5  2.302697e+6
81  2.273674e+6
81.5  2.245881e+6
82  2.217989e+6
82.5  2.189554e+6
83  2.161574e+6
83.5  2.133175e+6
84  2.105312e+6
84.5  2.077629e+6
85  2.050385e+6
85.5  2.023605e+6
86  1.997244e+6
86.5  1.971655e+6
87  1.945469e+6
87.5  1.919492e+6
88  1.893917e+6
88.5  1.868012e+6
89  1.842513e+6
89.5  1.817975e+6
90  1.793226e+6
90.5  1.768169e+6
91  1.743501e+6
91.5  1.719836e+6
92  1.696711e+6
92.5  1.672342e+6
93  1.648348e+6
93.5  1.624752e+6
94  1.601515e+6
94.5  1.579174e+6
95  1.556898e+6
95.5  1.533949e+6
96  1.511346e+6
96.5  1.488992e+6
97  1.466973e+6
97.5  1.445314e+6
98  1.423324e+6
98.5  1.401576e+6
99  1.380152e+6
99.5  1.359625e+6
100  1.339637e+6
100.5  1.318406e+6
101  1.297489e+6
101.5  1.276956e+6
102  1.256722e+6
102.5  1.236661e+6
103  1.216714e+6
103.5  1.196637e+6
104  1.176851e+6
104.5  1.157280e+6
105  1.137991e+6
105.5  1.119081e+6
106  1.099686e+6
106.5  1.080505e+6
107  1.061599e+6
107.5  1.042604e+6
108  1.023887e+6
108.5  1.005405e+6
109  986854.8
109.5  968593.5
110  950590.1
110.5  932783.9
111  915070.5
111.5  896961.6
112  879108.4
112.5  861530.7
113  844199
113.5  826876.8
114  808826.8
114.5  791408.1
115  774231.7
115.5  757247.6
116  740499.2
116.5  723550.9
117  706342.9
117.5  689116.7
118  672138
118.5  655628.5
119  639245
119.5  622204.2
120  605397.7
120.5  588547.4
121  571938.5
121.5  555792
122  539018.1
122.5  522187.9
123  505587.7
123.5  488997
124  472642.4
124.5  456221.5
125  439197.6
125.5  422261.1
126  405565.2
126.5  389240
127  372950.3
127.5  354459
128  336220.2
128.5  318115.1
129  300267.6
129.5  282774.9
130  265322.3
130.5  247553.9
131  230040
131.5  212877.6
132  195944.7
132.5  172177.6
133  136729.6
133.5  101837.6
134  67423.77
134.5  33468.92
135  0
150  0