1 0
10 0
11  1.321112
11.5  7.799849
12  46.18266
12.5  169.4609
13  623.3959
13.5  1697.02
14  4642.649
14.5  9848.756
15  20983.45
15.5  37616.63
16  67614.44
16.5  105790.2
17  165965.8
17.5  234927.3
18  333349.7
18.5  439793.6
19  581223
19.5  724684.3
20  905202.5
20.5  1.079896e+6
21  1.289842e+6
21.5  1.485919e+6
22  1.714415e+6
22.5  1.922190e+6
23  2.157046e+6
23.5  2.365989e+6
24  2.597182e+6
24.5  2.788449e+6
25  2.994062e+6
25.5  3.184101e+6
26  3.388310e+6
26.5  3.558124e+6
27  3.735912e+6
27.5  3.886144e+6
28  4.044503e+6
28.5  4.172021e+6
29  4.306218e+6
29.5  4.403094e+6
30  4.504135e+6
30.5  4.586820e+6
31  4.674093e+6
31.5  4.740792e+6
32  4.810286e+6
32.5  4.858477e+6
33  4.908910e+6
33.5  4.941574e+6
34  4.974342e+6
34.5  4.990389e+6
35  5.008079e+6
35.5  5.013872e+6
36  5.018822e+6
36.5  5.013053e+6
37  5.008718e+6
37.5  4.996495e+6
38  4.982723e+6
38.5  4.958357e+6
39  4.935379e+6
39.5  4.907889e+6
40  4.882097e+6
40.5  4.847313e+6
41  4.813899e+6
41.5  4.774546e+6
42  4.737417e+6
42.5  4.694359e+6
43  4.652685e+6
43.5  4.607908e+6
44  4.565854e+6
44.5  4.517635e+6
45  4.470798e+6
45.5  4.422732e+6
46  4.375998e+6
46.5  4.327145e+6
47  4.277855e+6
47.5  4.225714e+6
48  4.174924e+6
48.5  4.126051e+6
49  4.076273e+6
49.5  4.024036e+6
50  3.973096e+6
50.5  3.921529e+6
51  3.871332e+6
51.5  3.818983e+6
52  3.767892e+6
52.5  3.717741e+6
53  3.669301e+6
53.5  3.618765e+6
54  3.569406e+6
54.5  3.519418e+6
55  3.470578e+6
55.5  3.421077e+6
56  3.371783e+6
56.5  3.323365e+6
57  3.276033e+6
57.5  3.229776e+6
58  1.428941e+7
58.5  3.136432e+6
59  3.090646e+6
59.5  2.243308e+7
60  2.999156e+6
60.5  2.953696e+6
61  2.909218e+6
61.5  2.865692e+6
62  2.823073e+6
62.5  2.779259e+6
63  2.736376e+6
63.5  2.695326e+6
64  2.655436e+6
64.5  2.612847e+6
65  2.571154e+6
65.5  2.531509e+6
66  2.492671e+6
66.5  2.453177e+6
67  8.857062e+6
67.5  2.375213e+6
68  2.337376e+6
68.5  2.300317e+6
69  3.944700e+6
69.5  2.225927e+6
70  2.074186e+6
70.5  2.042865e+6
71  2.010914e+6
71.5  1.979741e+6
72  1.949144e+6
72.5  1.918983e+6
73  1.889202e+6
73.5  1.858871e+6
74  1.829093e+6
74.5  1.799798e+6
75  1.771195e+6
75.5  1.741299e+6
76  1.711950e+6
76.5  1.683614e+6
77  1.655783e+6
77.5  1.628121e+6
78  1.600473e+6
78.5  1.572535e+6
79  1.545098e+6
79.5  1.518085e+6
80  1.490748e+6
80.5  1.463767e+6
81  1.437263e+6
81.5  1.412068e+6
82  1.386147e+6
82.5  1.360082e+6
83  1.334473e+6
83.5  1.308779e+6
84  1.283245e+6
84.5  1.257927e+6
85  1.233050e+6
85.5  1.208644e+6
86  1.184702e+6
86.5  1.160211e+6
87  1.136140e+6
87.5  1.112383e+6
88  1.089030e+6
88.5  1.065115e+6
89  1.041220e+6
89.5  1.018092e+6
90  995354.4
90.5  972382.2
91  948987.1
91.5  926349.5
92  904090
92.5  881953.2
93  858923.2
93.5  836321.9
94  814107.4
94.5  792544.5
95  770718.8
95.5  748354.9
96  726371.7
96.5  704718.7
97  683260.6
97.5  660993.5
98  639104.1
98.5  617546.9
99  596353.9
99.5  574603.5
100  552829.3
100.5  531160.7
101  509857.3
101.5  488272.1
102  465966.9
102.5  444002.2
103  422407.2
103.5  400922.9
104  376589.9
104.5  352644
105  329100.7
105.5  305967.3
106  282903.2
106.5  259624.8
107  236737.6
107.5  214159.6
108  182654.4
108.5  135810.6
109  89764.14
109.5  44501.53
110  0
150 0