1 0 
9 0
10  0.0113849
10.5  0.1212146
11  1.339254
11.5  7.912941
12  46.92817
12.5  172.0144
13  631.5993
13.5  1710.615
14  4657.389
14.5  9841.448
15  20862.37
15.5  37199.26
16  66542.14
16.5  103710.9
17  161932.4
17.5  228272.1
18  322399.1
18.5  423921.7
19  557979.3
19.5  693210.8
20  862339.9
20.5  1.025859e+6
21  1.221127e+6
21.5  1.402485e+6
22  1.612327e+6
22.5  1.803619e+6
23  2.018359e+6
23.5  2.208349e+6
24  2.418023e+6
24.5  2.589735e+6
25  2.774290e+6
25.5  2.944176e+6
26  3.126362e+6
26.5  3.275761e+6
27  3.432808e+6
27.5  3.564596e+6
28  3.704762e+6
28.5  3.813961e+6
29  3.928240e+6
29.5  4.010490e+6
30  4.096258e+6
30.5  4.165545e+6
31  4.236190e+6
31.5  4.291066e+6
32  4.348317e+6
32.5  4.386414e+6
33  4.424894e+6
33.5  4.447300e+6
34  4.471336e+6
34.5  4.480682e+6
35  4.489979e+6
35.5  4.488375e+6
36  4.488132e+6
36.5  4.478238e+6
37  4.468204e+6
37.5  4.450228e+6
38  4.433533e+6
38.5  4.407498e+6
39  4.381374e+6
39.5  4.351561e+6
40  4.323019e+6
40.5  4.288160e+6
41  4.253287e+6
41.5  4.213448e+6
42  4.174920e+6
42.5  4.133369e+6
43  4.091895e+6
43.5  4.047885e+6
44  4.005168e+6
44.5  3.959426e+6
45  3.913837e+6
45.5  3.867343e+6
46  3.822118e+6
46.5  3.774570e+6
47  3.727217e+6
47.5  3.677553e+6
48  3.629175e+6
48.5  3.581510e+6
49  3.534055e+6
49.5  3.484637e+6
50  3.436451e+6
50.5  3.387634e+6
51  3.339081e+6
51.5  3.289974e+6
52  3.242057e+6
52.5  3.194775e+6
53  3.147742e+6
53.5  3.100560e+6
54  3.054488e+6
54.5  3.007664e+6
55  2.961110e+6
55.5  2.914276e+6
56  2.869321e+6
56.5  2.823359e+6
57  2.778449e+6
57.5  2.734394e+6
58  9.742477e+6
58.5  2.647760e+6
59  2.604438e+6
59.5  1.487012e+7
60  2.518615e+6
60.5  2.476529e+6
61  2.434687e+6
61.5  2.393764e+6
62  2.353730e+6
62.5  2.313138e+6
63  2.272778e+6
63.5  2.234063e+6
64  2.196169e+6
64.5  2.156887e+6
65  2.117838e+6
65.5  2.080596e+6
66  2.044135e+6
66.5  2.007006e+6
67  6.060790e+6
67.5  1.933870e+6
68  1.898421e+6
68.5  1.863277e+6
69  2.896012e+6
69.5  1.793767e+6
70  1.684661e+6
70.5  1.653761e+6
71  1.622962e+6
71.5  1.593003e+6
72  1.563617e+6
72.5  1.534082e+6
73  1.504626e+6
73.5  1.475471e+6
74  1.446868e+6
74.5  1.418220e+6
75  1.389648e+6
75.5  1.360995e+6
76  1.332889e+6
76.5  1.305133e+6
77  1.277448e+6
77.5  1.250353e+6
78  1.223756e+6
78.5  1.196474e+6
79  1.169272e+6
79.5  1.142582e+6
80  1.116389e+6
80.5  1.089921e+6
81  1.063524e+6
81.5  1.038058e+6
82  1.013051e+6
82.5  987258.5
83  961527.2
83.5  935890.7
84  910736.8
84.5  885467.8
85  860255.2
85.5  835539.9
86  811274.6
86.5  786435.1
87  761640.9
87.5  737238.2
88  713278
88.5  688338.3
89  663458.4
89.5  639261.5
90  615499.9
90.5  590587.9
91  565729.7
91.5  541543
92  517787.5
92.5  492636.1
93  467537.1
93.5  442924.6
94  418764.9
94.5  391669.1
95  364601.3
95.5  337896.5
96  311682.9
96.5  285328.2
97  259021.2
97.5  233213.2
98  207878.5
98.5  155111.5
99  102426.7
99.5  50753.39
100  0
150 0