1 0
8.5  8.997956e-9
9  4.023543e-6
9.5  0.0002082
10  0.0108412
10.5  0.1193603
11  1.350022
11.5  8.00058
12  47.60866
12.5  173.8081
13  636.0828
13.5  1707.954
14  4610.357
14.5  9658.04
15  20296.9
15.5  35914.52
16  63665.19
16.5  98445.86
17  152612.2
17.5  213621.6
18  299508.9
18.5  391217.9
19  511810.3
19.5  632083.1
20  781532
20.5  924952
21  1.094929e+6
21.5  1.251341e+6
22  1.430974e+6
22.5  1.594114e+6
23  1.775883e+6
23.5  1.935185e+6
24  2.110742e+6
24.5  2.251251e+6
25  2.402677e+6
25.5  2.540476e+6
26  2.688913e+6
26.5  2.807330e+6
27  2.932571e+6
27.5  3.036622e+6
28  3.144317e+6
28.5  3.228105e+6
29  3.316553e+6
29.5  3.375977e+6
30  3.437987e+6
30.5  3.485423e+6
31  3.536729e+6
31.5  3.573093e+6
32  3.611236e+6
32.5  3.634121e+6
33  3.656359e+6
33.5  3.665500e+6
34  3.675141e+6
34.5  3.674617e+6
35  3.673349e+6
35.5  3.663742e+6
36  3.655547e+6
36.5  3.637924e+6
37  3.621446e+6
37.5  3.599683e+6
38  3.576808e+6
38.5  3.546962e+6
39  3.517458e+6
39.5  3.486923e+6
40  3.455392e+6
40.5  3.419025e+6
41  3.384242e+6
41.5  3.344000e+6
42  3.304984e+6
42.5  3.263317e+6
43  3.223837e+6
43.5  3.181008e+6
44  3.139388e+6
44.5  3.095914e+6
45  3.052202e+6
45.5  3.008058e+6
46  2.965678e+6
46.5  2.920020e+6
47  2.875565e+6
47.5  2.828896e+6
48  2.784617e+6
48.5  2.739613e+6
49  2.695755e+6
49.5  2.650896e+6
50  2.605608e+6
50.5  2.560301e+6
51  2.515537e+6
51.5  2.471313e+6
52  2.426897e+6
52.5  2.383466e+6
53  2.340954e+6
53.5  2.297334e+6
54  2.254771e+6
54.5  2.212574e+6
55  2.169762e+6
55.5  2.127021e+6
56  2.084704e+6
56.5  2.044131e+6
57  2.003056e+6
57.5  1.962831e+6
58  4.244409e+6
58.5  1.883350e+6
59  1.843979e+6
59.5  5.856665e+6
60  1.765795e+6
60.5  1.726957e+6
61  1.689021e+6
61.5  1.651755e+6
62  1.614281e+6
62.5  1.577056e+6
63  1.540970e+6
63.5  1.504648e+6
64  1.469141e+6
64.5  1.432692e+6
65  1.397630e+6
65.5  1.362695e+6
66  1.328538e+6
66.5  1.294485e+6
67  2.606278e+6
67.5  1.226072e+6
68  1.192526e+6
68.5  1.159760e+6
69  1.478184e+6
69.5  1.094397e+6
70  1.033699e+6
70.5  1.002666e+6
71  972290.2
71.5  942932.3
72  912463.9
72.5  882412.5
73  852470.4
73.5  823114.8
74  793065
74.5  763628.9
75  734472.3
75.5  703986.6
76  674149.5
76.5  644669.2
77  614994.2
77.5  585038.4
78  555695.4
78.5  525680.3
79  494831.4
79.5  464633.3
80  434596.1
80.5  400684.9
81  367492.4
81.5  334531.8
82  302887.9
82.5  270398.9
83  238592.4
83.5  193978.6
84  127871.8
84.5  63246.04
85  0
150 0