1  0
11 0
12  45.28869
12.5  166.5395
13  613.4255
13.5  1674.693
14  4601.523
14.5  9806.733
15  20979.05
15.5  37731.99
16  68137.16
16.5  107038.2
17  168745.1
17.5  239693.4
18  341262.7
18.5  451872.2
19  599462.3
19.5  750267.4
20  939771.7
20.5  1.124692e+6
21  1.347736e+6
21.5  1.557152e+6
22  1.801585e+6
22.5  2.025324e+6
23  2.278971e+6
23.5  2.505832e+6
24  2.757515e+6
24.5  2.966888e+6
25  3.192851e+6
25.5  3.402505e+6
26  3.628256e+6
26.5  3.817350e+6
27  4.015750e+6
27.5  4.184481e+6
28  4.362595e+6
28.5  4.507379e+6
29  4.660616e+6
29.5  4.772536e+6
30  4.889318e+6
30.5  4.986001e+6
31  5.086692e+6
31.5  5.168551e+6
32  5.251022e+6
32.5  5.310141e+6
33  5.371855e+6
33.5  5.413729e+6
34  5.458493e+6
34.5  5.482030e+6
35  5.507416e+6
35.5  5.518291e+6
36  5.530833e+6
36.5  5.531920e+6
37  5.532606e+6
37.5  5.522784e+6
38  5.514457e+6
38.5  5.495587e+6
39  5.475071e+6
39.5  5.449193e+6
40  5.424752e+6
40.5  5.392303e+6
41  5.362402e+6
41.5  5.322876e+6
42  5.284808e+6
42.5  5.242522e+6
43  5.201666e+6
43.5  5.157858e+6
44  5.113281e+6
44.5  5.064577e+6
45  5.017304e+6
45.5  4.968448e+6
46  4.921311e+6
46.5  4.869245e+6
47  4.818585e+6
47.5  4.764513e+6
48  4.713227e+6
48.5  4.660284e+6
49  4.608690e+6
49.5  4.554118e+6
50  4.500900e+6
50.5  4.447830e+6
51  4.393863e+6
51.5  4.338805e+6
52  4.285059e+6
52.5  4.232221e+6
53  4.181319e+6
53.5  4.127997e+6
54  4.075904e+6
54.5  4.022958e+6
55  3.971214e+6
55.5  3.919119e+6
56  3.866703e+6
56.5  3.815136e+6
57  3.764710e+6
57.5  3.715166e+6
58  1.941387e+7
58.5  3.616765e+6
59  3.567800e+6
59.5  3.100783e+7
60  3.470173e+6
60.5  3.422362e+6
61  3.374668e+6
61.5  3.327976e+6
62  3.282258e+6
62.5  3.236758e+6
63  3.190578e+6
63.5  3.146439e+6
64  3.103197e+6
64.5  3.058225e+6
65  3.014583e+6
65.5  2.971869e+6
66  2.930009e+6
66.5  2.887522e+6
67  1.198152e+7
67.5  2.805169e+6
68  2.764192e+6
68.5  2.724022e+6
69  5.069108e+6
69.5  2.645396e+6
70  2.443801e+6
70.5  2.410409e+6
71  2.377623e+6
71.5  2.345503e+6
72  2.313959e+6
72.5  2.282830e+6
73  2.251673e+6
73.5  2.220488e+6
74  2.189853e+6
74.5  2.160058e+6
75  2.129552e+6
75.5  2.098573e+6
76  2.068140e+6
76.5  2.038796e+6
77  2.010183e+6
77.5  1.981211e+6
78  1.952734e+6
78.5  1.923753e+6
79  1.895272e+6
79.5  1.867317e+6
80  1.839040e+6
80.5  1.811073e+6
81  1.783581e+6
81.5  1.757250e+6
82  1.731231e+6
82.5  1.704275e+6
83  1.677772e+6
83.5  1.651042e+6
84  1.625222e+6
84.5  1.599028e+6
85  1.573272e+6
85.5  1.547984e+6
86  1.523112e+6
86.5  1.498927e+6
87  1.474085e+6
87.5  1.449514e+6
88  1.425344e+6
88.5  1.401038e+6
89  1.377231e+6
89.5  1.353395e+6
90  1.329944e+6
90.5  1.306377e+6
91  1.283196e+6
91.5  1.260784e+6
92  1.238013e+6
92.5  1.215038e+6
93  1.192437e+6
93.5  1.170238e+6
94  1.148132e+6
94.5  1.126228e+6
95  1.104668e+6
95.5  1.083040e+6
96  1.061758e+6
96.5  1.040273e+6
97  1.018762e+6
97.5  997627.3
98  976828.9
98.5  956476.8
99  935320.8
99.5  914902.8
100  894797.3
100.5  874591.2
101  854666.6
101.5  834162.1
102  813979.6
102.5  794045.1
103  774423.6
103.5  754844.5
104  734781.5
104.5  714988.3
105  695503.8
105.5  676347.6
106  656863.8
106.5  637054.7
107  617554.1
107.5  598149.9
108  579055.3
108.5  559437.5
109  539776
109.5  520439.7
110  501400.2
110.5  482667.6
111  462633.7
111.5  442909.3
112  423488.7
112.5  404384
113  384719.6
113.5  362954.7
114  341541
114.5  320621
115  300019.8
115.5  279615.2
116  258841.2
116.5  238386.1
117  218244.1
117.5  198339.3
118  161566.3
118.5  120222.8
119  79521.77
119.5  39453.72
120  0
150  0