1  0
12  0
12.5  164.8444
13  608.0744
13.5  1662.551
14  4576.18
14.5  9761.255
15  20925.81
15.5  37731.5
16  68270.05
16.5  107429.1
17  169581.5
17.5  241350.2
18  344456.2
18.5  456812.5
19  607016.7
19.5  760519.9
20  954380.9
20.5  1.144424e+6
21  1.373323e+6
21.5  1.588705e+6
22  1.839952e+6
22.5  2.071463e+6
23  2.334873e+6
23.5  2.569946e+6
24  2.831046e+6
24.5  3.048318e+6
25  3.284663e+6
25.5  3.505089e+6
26  3.740895e+6
26.5  3.937318e+6
27  4.146485e+6
27.5  4.325054e+6
28  4.514399e+6
28.5  4.667207e+6
29  4.827539e+6
29.5  4.947863e+6
30  5.073448e+6
30.5  5.178769e+6
31  5.286229e+6
31.5  5.372638e+6
32  5.462550e+6
32.5  5.528136e+6
33  5.597148e+6
33.5  5.643210e+6
34  5.691578e+6
34.5  5.720019e+6
35  5.750417e+6
35.5  5.765849e+6
36  5.780890e+6
36.5  5.783582e+6
37  5.787909e+6
37.5  5.781068e+6
38  5.776215e+6
38.5  5.756487e+6
39  5.738282e+6
39.5  5.714259e+6
40  5.691705e+6
40.5  5.661076e+6
41  5.630017e+6
41.5  5.591505e+6
42  5.554473e+6
42.5  5.512858e+6
43  5.472946e+6
43.5  5.427281e+6
44  5.383076e+6
44.5  5.334394e+6
45  5.287162e+6
45.5  5.238390e+6
46  5.189418e+6
46.5  5.137026e+6
47  5.086057e+6
47.5  5.031384e+6
48  4.978238e+6
48.5  4.924543e+6
49  4.872220e+6
49.5  4.816652e+6
50  4.762460e+6
50.5  4.707449e+6
51  4.652429e+6
51.5  4.596171e+6
52  4.541249e+6
52.5  4.487210e+6
53  4.434551e+6
53.5  4.379970e+6
54  4.326643e+6
54.5  4.272346e+6
55  4.219276e+6
55.5  4.165382e+6
56  4.111564e+6
56.5  4.058574e+6
57  4.006749e+6
57.5  3.955814e+6
58  2.216990e+7
58.5  3.854505e+6
59  3.804134e+6
59.5  3.563634e+7
60  3.703573e+6
60.5  3.654267e+6
61  3.605040e+6
61.5  3.556841e+6
62  3.509638e+6
62.5  3.461906e+6
63  3.415127e+6
63.5  3.369583e+6
64  3.324959e+6
64.5  3.278427e+6
65  3.232838e+6
65.5  3.189547e+6
66  3.146295e+6
66.5  3.102316e+6
67  1.365500e+7
67.5  3.016817e+6
68  2.975130e+6
68.5  2.933496e+6
69  5.658249e+6
69.5  2.851898e+6
70  2.622231e+6
70.5  2.588813e+6
71  2.555359e+6
71.5  2.522506e+6
72  2.490236e+6
72.5  2.458621e+6
73  2.427371e+6
73.5  2.395393e+6
74  2.363971e+6
74.5  2.333000e+6
75  2.302560e+6
75.5  2.271414e+6
76  2.240247e+6
76.5  2.210206e+6
77  2.180675e+6
77.5  2.151772e+6
78  2.123086e+6
78.5  2.093251e+6
79  2.063923e+6
79.5  2.035092e+6
80  2.006744e+6
80.5  1.978478e+6
81  1.950181e+6
81.5  1.923104e+6
82  1.896467e+6
82.5  1.869433e+6
83  1.842604e+6
83.5  1.814999e+6
84  1.787856e+6
84.5  1.761640e+6
85  1.735851e+6
85.5  1.710278e+6
86  1.684664e+6
86.5  1.659463e+6
87  1.634665e+6
87.5  1.610107e+6
88  1.585623e+6
88.5  1.560501e+6
89  1.535788e+6
89.5  1.511995e+6
90  1.488577e+6
90.5  1.464658e+6
91  1.440707e+6
91.5  1.417664e+6
92  1.394981e+6
92.5  1.372010e+6
93  1.349056e+6
93.5  1.326103e+6
94  1.303514e+6
94.5  1.281723e+6
95  1.260265e+6
95.5  1.238300e+6
96  1.216295e+6
96.5  1.194563e+6
97  1.173170e+6
97.5  1.152143e+6
98  1.131048e+6
98.5  1.109844e+6
99  1.088970e+6
99.5  1.068882e+6
100  1.049093e+6
100.5  1.028675e+6
101  1.008214e+6
101.5  988127.6
102  968346.9
102.5  948781.3
103  928964.3
103.5  909156.7
104  889649.7
104.5  870385
105  851411.5
105.5  832167.4
106  812873.1
106.5  793821.7
107  775057.6
107.5  756314.4
108  737160.6
108.5  718215.9
109  699555.2
109.5  681197.6
110  663112.6
110.5  644446.5
111  625726.5
111.5  607285.9
112  589119.3
112.5  571243.7
113  552674.4
113.5  533798.3
114  515214.6
114.5  497149
115  479348.4
115.5  460660.8
116  441913.8
116.5  423443.7
117  405245.6
117.5  387174.6
118  366838.6
118.5  346567.9
119  326596.9
119.5  306938.7
120  287567.2
120.5  267973.1
121  248329.7
121.5  229082
122  210116.4
122.5  191437.8
123  152584.2
123.5  113532.5
124  75091.77
124.5  37265.95
125  0
150  0