1 0
8  2.026461e-11
8.5  8.930522e-9
9  3.963895e-6
9.5  0.0002042
10  0.0105966
10.5  0.1179718
11  1.346644
11.5  7.994875
12  47.5849
12.5  173.5297
13  634.6037
13.5  1698.596
14  4564.766
14.5  9539.439
15  19976.71
15.5  35219.79
16  62229.39
16.5  96017.1
17  148316.7
17.5  207092.3
18  289812.1
18.5  377633.3
19  492715.6
19.5  607529.8
20  749476
20.5  884914.7
21  1.046105e+6
21.5  1.193339e+6
22  1.362492e+6
22.5  1.515239e+6
23  1.685137e+6
23.5  1.833456e+6
24  1.995781e+6
24.5  2.126904e+6
25  2.266732e+6
25.5  2.393525e+6
26  2.530212e+6
26.5  2.638380e+6
27  2.752682e+6
27.5  2.846995e+6
28  2.944486e+6
28.5  3.019591e+6
29  3.098579e+6
29.5  3.150786e+6
30  3.205296e+6
30.5  3.247831e+6
31  3.290013e+6
31.5  3.320600e+6
32  3.353847e+6
32.5  3.370002e+6
33  3.387485e+6
33.5  3.392092e+6
34  3.399398e+6
34.5  3.394114e+6
35  3.389949e+6
35.5  3.378418e+6
36  3.366368e+6
36.5  3.347230e+6
37  3.329580e+6
37.5  3.304587e+6
38  3.280693e+6
38.5  3.251188e+6
39  3.220635e+6
39.5  3.187890e+6
40  3.155598e+6
40.5  3.119803e+6
41  3.083582e+6
41.5  3.043510e+6
42  3.005797e+6
42.5  2.964536e+6
43  2.924461e+6
43.5  2.882918e+6
44  2.841139e+6
44.5  2.797771e+6
45  2.755853e+6
45.5  2.712029e+6
46  2.669377e+6
46.5  2.626145e+6
47  2.582154e+6
47.5  2.536939e+6
48  2.492329e+6
48.5  2.449369e+6
49  2.406225e+6
49.5  2.361477e+6
50  2.318643e+6
50.5  2.274271e+6
51  2.231020e+6
51.5  2.187635e+6
52  2.144161e+6
52.5  2.101685e+6
53  2.060364e+6
53.5  2.017836e+6
54  1.976353e+6
54.5  1.935300e+6
55  1.893593e+6
55.5  1.852081e+6
56  1.811076e+6
56.5  1.771196e+6
57  1.731196e+6
57.5  1.691493e+6
58  2.855036e+6
58.5  1.614051e+6
59  1.575719e+6
59.5  3.635197e+6
60  1.498857e+6
60.5  1.461109e+6
61  1.424230e+6
61.5  1.386842e+6
62  1.350331e+6
62.5  1.314412e+6
63  1.277672e+6
63.5  1.242224e+6
64  1.207117e+6
64.5  1.171773e+6
65  1.136303e+6
65.5  1.101651e+6
66  1.067985e+6
66.5  1.033241e+6
67  1.696478e+6
67.5  965587.3
68  931468.2
68.5  898131.8
69  1.047235e+6
69.5  831438.4
70  781752.1
70.5  750616.1
71  717998.6
71.5  686298.2
72  654803.3
72.5  622826.7
73  590603.5
73.5  558479.7
74  526467.1
74.5  493574.4
75  461396.5
75.5  427044.6
76  390791.9
76.5  355469
77  320848
77.5  285586.8
78  251089.5
78.5  210506.6
79  138719.2
79.5  68565.2
80  0
150 0