1 0
5  2.900813e-63
5.5  4.281125e-49
6  6.483248e-35
6.5  1.682908e-27
7  4.424664e-20
7.5  8.840218e-16
8  1.778733e-11
8.5  7.548252e-9
9  3.217912e-6
9.5  0.0001612
10  0.0080966
10.5  0.0975468
11  1.186088
11.5  7.095794
12  42.54324
12.5  153.4376
13  554.2149
13.5  1444.999
14  3779.515
14.5  7706.858
15  15744.14
15.5  27145.52
16  46847.88
16.5  70837.18
17  107186.4
17.5  147074.6
18  201914.6
18.5  258877.5
19  332044.5
19.5  403156.5
20  489642.9
20.5  570072.7
21  663852.6
21.5  747478.2
22  841750.2
22.5  924172.1
23  1.014732e+6
23.5  1.090996e+6
24  1.172997e+6
24.5  1.235175e+6
25  1.300580e+6
25.5  1.357977e+6
26  1.417754e+6
26.5  1.461860e+6
27  1.507096e+6
27.5  1.540106e+6
28  1.575580e+6
28.5  1.596406e+6
29  1.617912e+6
29.5  1.626112e+6
30  1.633829e+6
30.5  1.634877e+6
31  1.635306e+6
31.5  1.629859e+6
32  1.623711e+6
32.5  1.610202e+6
33  1.595988e+6
33.5  1.575857e+6
34  1.555064e+6
34.5  1.529583e+6
35  1.503507e+6
35.5  1.474101e+6
36  1.444150e+6
36.5  1.410839e+6
37  1.377061e+6
37.5  1.340885e+6
38  1.304304e+6
38.5  1.265110e+6
39  1.225607e+6
39.5  1.185124e+6
40  1.144343e+6
40.5  1.101583e+6
41  1.058606e+6
41.5  1.014061e+6
42  969353.9
42.5  923543.2
43  877591.2
43.5  830315
44  782919
44.5  733944.2
45  684881.2
45.5  634215.5
46  583455.1
46.5  530535.9
47  477513.3
47.5  418070.5
48  358632.6
48.5  300110.3
49  240980.3
49.5  119946.8
50  0
150 0