1 0
9  4.062826e-6
9.5  0.0002115
10  0.0110572
10.5  0.1202289
11  1.349869
11.5  7.989512
12  47.45855
12.5  173.5127
13  636.1479
13.5  1713.626
14  4637.481
14.5  9750.182
15  20550.5
15.5  36447.52
16  64824.14
16.5  100549.7
17  156186.5
17.5  219191.1
18  308048.1
18.5  403470.4
19  528785.6
19.5  654463.1
20  811231.7
20.5  961251.8
21  1.140204e+6
21.5  1.305455e+6
22  1.496170e+6
22.5  1.668185e+6
23  1.861477e+6
23.5  2.032174e+6
24  2.218498e+6
24.5  2.369503e+6
25  2.532443e+6
25.5  2.682184e+6
26  2.840901e+6
26.5  2.969584e+6
27  3.105066e+6
27.5  3.219156e+6
28  3.337107e+6
28.5  3.429679e+6
29  3.527182e+6
29.5  3.594064e+6
30  3.663829e+6
30.5  3.717984e+6
31  3.776470e+6
31.5  3.818770e+6
32  3.863039e+6
32.5  3.891341e+6
33  3.918775e+6
33.5  3.932103e+6
34  3.946830e+6
34.5  3.949348e+6
35  3.951242e+6
35.5  3.943958e+6
36  3.937043e+6
36.5  3.923276e+6
37  3.908630e+6
37.5  3.887296e+6
38  3.867746e+6
38.5  3.838469e+6
39  3.810416e+6
39.5  3.779435e+6
40  3.749618e+6
40.5  3.713086e+6
41  3.677783e+6
41.5  3.639222e+6
42  3.599701e+6
42.5  3.557934e+6
43  3.517410e+6
43.5  3.475037e+6
44  3.432321e+6
44.5  3.387406e+6
45  3.343009e+6
45.5  3.299108e+6
46  3.254752e+6
46.5  3.208830e+6
47  3.164485e+6
47.5  3.116652e+6
48  3.070061e+6
48.5  3.024507e+6
49  2.979918e+6
49.5  2.932749e+6
50  2.886768e+6
50.5  2.841198e+6
51  2.794992e+6
51.5  2.748505e+6
52  2.703162e+6
52.5  2.658785e+6
53  2.614221e+6
53.5  2.569711e+6
54  2.525665e+6
54.5  2.482225e+6
55  2.438525e+6
55.5  2.394769e+6
56  2.352215e+6
56.5  2.309087e+6
57  2.266970e+6
57.5  2.225697e+6
58  5.875755e+6
58.5  2.143743e+6
59  2.103327e+6
59.5  8.506084e+6
60  2.022808e+6
60.5  1.982944e+6
61  1.943989e+6
61.5  1.905823e+6
62  1.867474e+6
62.5  1.829269e+6
63  1.791405e+6
63.5  1.755368e+6
64  1.719054e+6
64.5  1.682132e+6
65  1.646111e+6
65.5  1.610392e+6
66  1.575451e+6
66.5  1.540516e+6
67  3.647027e+6
67.5  1.471259e+6
68  1.437369e+6
68.5  1.404481e+6
69  1.929673e+6
69.5  1.337730e+6
70  1.263014e+6
70.5  1.232908e+6
71  1.202475e+6
71.5  1.172918e+6
72  1.143502e+6
72.5  1.114531e+6
73  1.085245e+6
73.5  1.056410e+6
74  1.028032e+6
74.5  998908.3
75  970366.6
75.5  941977.9
76  913434.3
76.5  885017.7
77  857165.8
77.5  830026.8
78  801666.1
78.5  773513.5
79  745928.7
79.5  718246.2
80  689958.8
80.5  662189.3
81  634492.6
81.5  606967.2
82  579059.6
82.5  551460.5
83  523931.2
83.5  494906.6
84  466478.2
84.5  438773.4
85  408442.5
85.5  377329.4
86  346834.3
86.5  317181.7
87  286641.3
87.5  256689
88  227331.4
88.5  179465.2
89  118382.2
89.5  58591.01
90  0
150 0